global_index	branch	branch_index	Bz_T	Hz_Apm	mx_avg	my_avg	mz_avg
0	upper	0	1.0	795774.7154594767	-6.490699965066719e-06	-2.8023289478166365e-05	0.9999999882675594
1	upper	1	0.995	791795.8418821793	-6.481963814594633e-06	-2.8022756459948155e-05	0.9999999882695869
2	upper	2	0.99	787816.968304882	-6.47345426711099e-06	-2.802226471396115e-05	0.999999988271538
3	upper	3	0.985	783838.0947275845	-6.465171031066526e-06	-2.8021814653029695e-05	0.9999999882733963
4	upper	4	0.98	779859.2211502871	-6.457113817813371e-06	-2.8021406684944623e-05	0.99999998827518
5	upper	5	0.975	775880.3475729898	-6.449282341610907e-06	-2.80210412124863e-05	0.9999999882768756
6	upper	6	0.97	771901.4739956923	-6.441676319647598e-06	-2.802071863344262e-05	0.9999999882784818
7	upper	7	0.965	767922.600418395	-6.434295472046895e-06	-2.8020439340632033e-05	0.9999999882800064
8	upper	8	0.96	763943.7268410976	-6.427139521882469e-06	-2.8020203721923055e-05	0.9999999882814539
9	upper	9	0.955	759964.8532638001	-6.420208195188161e-06	-2.8020012160256996e-05	0.9999999882828035
10	upper	10	0.95	755985.9796865028	-6.413501220968223e-06	-2.80198650336682e-05	0.9999999882840773
11	upper	11	0.945	752007.1061092054	-6.4070183312113884e-06	-2.801976271530304e-05	0.9999999882852593
12	upper	12	0.94	748028.2325319081	-6.400759260901267e-06	-2.8019705573441836e-05	0.9999999882863593
13	upper	13	0.9349999999999999	744049.3589546107	-6.394723748027537e-06	-2.801969397151772e-05	0.9999999882873734
14	upper	14	0.9299999999999999	740070.4853773132	-6.3889115335957e-06	-2.801972826813729e-05	0.9999999882882958
15	upper	15	0.9249999999999999	736091.6118000159	-6.383322361639086e-06	-2.8019808817100193e-05	0.9999999882891415
16	upper	16	0.9199999999999999	732112.7382227185	-6.377955979230334e-06	-2.801993596741747e-05	0.9999999882898918
17	upper	17	0.9149999999999999	728133.8646454212	-6.372812136491125e-06	-2.802011006333191e-05	0.9999999882905594
18	upper	18	0.9099999999999999	724154.9910681237	-6.367890586601927e-06	-2.8020331444337002e-05	0.9999999882911429
19	upper	19	0.9049999999999999	720176.1174908263	-6.363191085811913e-06	-2.8020600445196337e-05	0.9999999882916345
20	upper	20	0.8999999999999999	716197.243913529	-6.358713393452467e-06	-2.8020917395959752e-05	0.9999999882920464
21	upper	21	0.8949999999999999	712218.3703362315	-6.3544572719428176e-06	-2.8021282621985722e-05	0.9999999882923616
22	upper	22	0.8899999999999999	708239.4967589342	-6.35042248680097e-06	-2.8021696443957315e-05	0.9999999882925907
23	upper	23	0.8849999999999999	704260.6231816368	-6.346608806655039e-06	-2.8022159177900543e-05	0.9999999882927357
24	upper	24	0.8799999999999999	700281.7496043394	-6.343016003252615e-06	-2.8022671135202175e-05	0.9999999882927911
25	upper	25	0.8749999999999999	696302.876027042	-6.339643851468375e-06	-2.8023232622628448e-05	0.9999999882927585
26	upper	26	0.8699999999999999	692324.0024497446	-6.33649212931291e-06	-2.8023843942342895e-05	0.9999999882926353
27	upper	27	0.8649999999999999	688345.1288724472	-6.333560617946294e-06	-2.802450539192109e-05	0.9999999882924233
28	upper	28	0.8599999999999999	684366.2552951499	-6.330849101683366e-06	-2.8025217264369405e-05	0.999999988292129
29	upper	29	0.8549999999999999	680387.3817178524	-6.32835736800125e-06	-2.8025979848144256e-05	0.9999999882917359
30	upper	30	0.8499999999999999	676408.5081405551	-6.3260852075515045e-06	-2.8026793427166428e-05	0.9999999882912597
31	upper	31	0.8449999999999999	672429.6345632577	-6.32403241416801e-06	-2.8027658280836963e-05	0.9999999882906919
32	upper	32	0.8399999999999999	668450.7609859603	-6.322198784875287e-06	-2.802857468405438e-05	0.9999999882900361
33	upper	33	0.8349999999999999	664471.8874086629	-6.320584119895144e-06	-2.8029542907231726e-05	0.9999999882892842
34	upper	34	0.8299999999999998	660493.0138313655	-6.319188222656011e-06	-2.8030563216314133e-05	0.9999999882884513
35	upper	35	0.8249999999999998	656514.1402540682	-6.318010899803147e-06	-2.8031635872789237e-05	0.9999999882875245
36	upper	36	0.8199999999999998	652535.2666767708	-6.317051961203175e-06	-2.80327611337083e-05	0.9999999882865068
37	upper	37	0.8149999999999998	648556.3930994733	-6.316311219953724e-06	-2.803393925169929e-05	0.9999999882853973
38	upper	38	0.8099999999999998	644577.519522176	-6.315788492391115e-06	-2.8035170474982392e-05	0.9999999882842038
39	upper	39	0.8049999999999998	640598.6459448786	-6.314710270366742e-06	-2.8039657188419705e-05	0.999999988279618
40	upper	40	0.7999999999999998	636619.7723675813	-6.314149514720262e-06	-2.8047311773907348e-05	0.9999999882713532
41	upper	41	0.7949999999999998	632640.8987902838	-6.314792648422329e-06	-2.8055256479575616e-05	0.999999988262352
42	upper	42	0.7899999999999998	628662.0252129864	-6.316634153610628e-06	-2.8063498887508306e-05	0.999999988252608
43	upper	43	0.7849999999999998	624683.1516356891	-6.327838844670457e-06	-2.8095843026186434e-05	0.999999988211738
44	upper	44	0.7799999999999998	620704.2780583916	-6.33031138451985e-06	-2.8101220215847274e-05	0.9999999882045794
45	upper	45	0.7749999999999998	616725.4044810942	-6.338593170993805e-06	-2.8115747925230773e-05	0.9999999881846735
46	upper	46	0.7699999999999998	612746.5309037969	-6.354182232137021e-06	-2.813915896411644e-05	0.9999999881514736
47	upper	47	0.7649999999999998	608767.6573264995	-6.358726649907653e-06	-2.8145135467924166e-05	0.9999999881428281
48	upper	48	0.7599999999999998	604788.7837492021	-6.379860302959434e-06	-2.8170238652406085e-05	0.9999999881057029
49	upper	49	0.7549999999999998	600809.9101719047	-6.389520186806614e-06	-2.8180770754645723e-05	0.9999999880898519
50	upper	50	0.7499999999999998	596831.0365946073	-6.406633443812074e-06	-2.8198057775475535e-05	0.9999999880635118
51	upper	51	0.7449999999999998	592852.16301731	-6.435832463948774e-06	-2.822590200817189e-05	0.9999999880204402
52	upper	52	0.7399999999999998	588873.2894400125	-6.4437180121832525e-06	-2.8232993903238005e-05	0.9999999880093831
53	upper	53	0.7349999999999998	584894.4158627152	-6.478285891646104e-06	-2.826274039661001e-05	0.9999999879625668
54	upper	54	0.7299999999999998	580915.5422854178	-6.493352277117877e-06	-2.8275199057774627e-05	0.9999999879428216
55	upper	55	0.7249999999999998	576936.6687081204	-6.533100113611394e-06	-2.8306974746424834e-05	0.9999999878921613
56	upper	56	0.7199999999999998	572957.795130823	-6.550251690821776e-06	-2.83202709911867e-05	0.9999999878708701
57	upper	57	0.7149999999999997	568978.9215535256	-6.595107235676749e-06	-2.8354151677493797e-05	0.9999999878164239
58	upper	58	0.7099999999999997	565000.0479762283	-6.614315329349035e-06	-2.836831502824561e-05	0.9999999877936155
59	upper	59	0.7049999999999997	561021.1743989309	-6.690633531166773e-06	-2.8423819933071727e-05	0.9999999877039608
60	upper	60	0.6999999999999997	557042.3008216334	-6.703480296084746e-06	-2.843302454128125e-05	0.9999999876890897
61	upper	61	0.6949999999999997	553063.4272443361	-6.758006429201647e-06	-2.84714840694578e-05	0.9999999876269595
62	upper	62	0.6899999999999997	549084.5536670387	-6.814700323916594e-06	-2.8511236853658094e-05	0.9999999875628129
63	upper	63	0.6849999999999997	545105.6800897414	-6.8526509754309545e-06	-2.85375868087882e-05	0.9999999875203619
64	upper	64	0.6799999999999997	541126.8065124439	-6.913986428057309e-06	-2.8579776133694625e-05	0.9999999874525086
65	upper	65	0.6749999999999997	537147.9329351465	-6.977423933009059e-06	-2.8623308804074322e-05	0.9999999873827065
66	upper	66	0.6699999999999997	533169.0593578492	-7.0196800136513185e-06	-2.8652113967371906e-05	0.9999999873366614
67	upper	67	0.6649999999999997	529190.1857805518	-7.12369539682929e-06	-2.872300262705947e-05	0.9999999872237235
68	upper	68	0.6599999999999997	525211.3122032543	-7.1409619946646785e-06	-2.8734703038534022e-05	0.9999999872051467
69	upper	69	0.6549999999999997	521232.438625957	-7.251623001125479e-06	-2.8809634088317258e-05	0.9999999870866672
70	upper	70	0.6499999999999997	517253.56504865957	-7.281643112880014e-06	-2.8829981708625112e-05	0.999999987054677
71	upper	71	0.6449999999999997	513274.6914713622	-7.398558875999585e-06	-2.8909177415975476e-05	0.9999999869306495
72	upper	72	0.6399999999999997	509295.8178940648	-7.430217416090477e-06	-2.8930657563024667e-05	0.9999999868972012
73	upper	73	0.6349999999999997	505316.94431676745	-7.553294765483782e-06	-2.901416725144533e-05	0.9999999867677138
74	upper	74	0.6299999999999997	501338.0707394701	-7.586568270271756e-06	-2.9036791922191246e-05	0.9999999867328446
75	upper	75	0.6249999999999997	497359.19716217264	-7.715722656739897e-06	-2.9124657284936976e-05	0.9999999865979933
76	upper	76	0.6199999999999997	493380.32358487527	-7.770919451950444e-06	-2.9162470668454294e-05	0.9999999865403952
77	upper	77	0.6149999999999997	489401.4500075779	-7.905575394389077e-06	-2.9254992141187763e-05	0.9999999864001441
78	upper	78	0.6099999999999997	485422.5764302805	-7.941886884743997e-06	-2.9280001507981075e-05	0.9999999863624561
79	upper	79	0.6049999999999996	481443.7028529831	-8.154689643680218e-06	-2.942828820816091e-05	0.9999999861407675
80	upper	80	0.5999999999999996	477464.8292756857	-8.177526567457946e-06	-2.9444331387927988e-05	0.9999999861169532
81	upper	81	0.5949999999999996	473485.95569838834	-8.27232948887879e-06	-2.9510635102988785e-05	0.9999999860188463
82	upper	82	0.5899999999999996	469507.08212109096	-8.420265262523553e-06	-2.961492298605703e-05	0.9999999858655207
83	upper	83	0.5849999999999996	465528.2085437936	-8.460068081710649e-06	-2.9643036928725727e-05	0.9999999858244082
84	upper	84	0.5799999999999996	461549.33496649616	-8.692857043507466e-06	-2.9809250825028454e-05	0.9999999855831311
85	upper	85	0.5749999999999996	457570.4613891988	-8.717790374120913e-06	-2.982718524993501e-05	0.9999999855572667
86	upper	86	0.5699999999999996	453591.5878119014	-8.821079984772488e-06	-2.9901145146024506e-05	0.9999999854508609
87	upper	87	0.5649999999999996	449612.71423460403	-8.981979618790576e-06	-3.0017182330408432e-05	0.9999999852848651
88	upper	88	0.5599999999999996	445633.84065730666	-9.025198246262565e-06	-3.004839268533808e-05	0.9999999852404083
89	upper	89	0.5549999999999996	441654.9670800092	-9.27759700886049e-06	-3.0232459105756655e-05	0.9999999849799448
90	upper	90	0.5499999999999996	437676.09350271185	-9.304592384392219e-06	-3.0252274551458168e-05	0.999999984952049
91	upper	91	0.5449999999999996	433697.2199254145	-9.416245919675717e-06	-3.0333841910686606e-05	0.9999999848374473
92	upper	92	0.5399999999999996	429718.3463481171	-9.589955479935773e-06	-3.04615392710432e-05	0.9999999846588692
93	upper	93	0.5349999999999996	425739.4727708197	-9.663738879474949e-06	-3.0516029192028793e-05	0.9999999845830393
94	upper	94	0.5299999999999996	421760.5991935223	-9.842643686234371e-06	-3.064831450572383e-05	0.9999999843993881
95	upper	95	0.5249999999999996	417781.7256162249	-9.960463983557368e-06	-3.073616161402867e-05	0.9999999842781526
96	upper	96	0.5199999999999996	413802.85203892755	-1.0080135552054255e-05	-3.0825411403830826e-05	0.9999999841552587
97	upper	97	0.5149999999999996	409823.9784616302	-1.0266161818895321e-05	-3.096486211209035e-05	0.9999999839639094
98	upper	98	0.5099999999999996	405845.10488433274	-1.0345114368484701e-05	-3.1024256878238244e-05	0.9999999838827224
99	upper	99	0.5049999999999996	401866.23130703537	-1.0536394458838598e-05	-3.116820300739048e-05	0.9999999836861942
100	upper	100	0.49999999999999956	397887.357729738	-1.0662287731939424e-05	-3.126361632736659e-05	0.9999999835565337
101	upper	101	0.49499999999999955	393908.4841524406	-1.0857899194559362e-05	-3.141248306387944e-05	0.9999999833547459
102	upper	102	0.48999999999999955	389929.6105751432	-1.0940886566439357e-05	-3.147580173867253e-05	0.999999983269159
103	upper	103	0.48499999999999954	385950.7369978458	-1.1141851913096528e-05	-3.1629065128840626e-05	0.9999999830620504
104	upper	104	0.47999999999999954	381971.86342054844	-1.1274082918492631e-05	-3.173051537733698e-05	0.9999999829254552
105	upper	105	0.47499999999999953	377992.98984325107	-1.1479479886141155e-05	-3.1888600188208524e-05	0.9999999827129157
106	upper	106	0.46999999999999953	374014.1162659537	-1.15665944078761e-05	-3.19557587950501e-05	0.9999999826227823
107	upper	107	0.4649999999999995	370035.24268865626	-1.1777484837851937e-05	-3.211813578398744e-05	0.9999999824047243
108	upper	108	0.4599999999999995	366056.3691113589	-1.191622431083033e-05	-3.222548859503073e-05	0.9999999822609228
109	upper	109	0.4549999999999995	362077.4955340615	-1.2131690054070967e-05	-3.239258237748093e-05	0.9999999820372026
110	upper	110	0.4499999999999995	358098.62195676414	-1.2273440952810641e-05	-3.250298284744156e-05	0.9999999818896742
111	upper	111	0.4449999999999995	354119.7483794667	-1.2493581011415983e-05	-3.267471871754166e-05	0.9999999816601755
112	upper	112	0.4399999999999995	350140.87480216933	-1.263841140064602e-05	-3.2788118339941537e-05	0.9999999815088373
113	upper	113	0.4349999999999995	346162.00122487196	-1.2863335851324487e-05	-3.296442171561977e-05	0.9999999812734268
114	upper	114	0.4299999999999995	342183.1276475746	-1.2958716772882001e-05	-3.3039158429876883e-05	0.9999999811736021
115	upper	115	0.4249999999999995	338204.2540702772	-1.3308662234782345e-05	-3.3314539365831817e-05	0.9999999808057702
116	upper	116	0.4199999999999995	334225.3804929798	-1.334601031883844e-05	-3.334393651487236e-05	0.999999980766458
117	upper	117	0.4149999999999995	330246.5069156824	-1.370340588583974e-05	-3.3626148432238925e-05	0.9999999803891272
118	upper	118	0.4099999999999995	326267.633338385	-1.3741553577615396e-05	-3.3656259006549055e-05	0.9999999803487971
119	upper	119	0.40499999999999947	322288.75976108765	-1.4106646008500725e-05	-3.394517076216001e-05	0.9999999799616597
120	upper	120	0.39999999999999947	318309.8861837902	-1.4145617427103969e-05	-3.3975982002475e-05	0.9999999799202793
121	upper	121	0.39499999999999946	314331.01260649285	-1.4518640415095982e-05	-3.427147322348309e-05	0.9999999795230359
122	upper	122	0.38999999999999946	310352.1390291955	-1.4583905447394534e-05	-3.432329474300989e-05	0.9999999794533089
123	upper	123	0.38499999999999945	306373.2654518981	-1.4964420498314712e-05	-3.462555340413849e-05	0.9999999790455977
124	upper	124	0.37999999999999945	302394.3918746007	-1.5005047595007008e-05	-3.4657758520051996e-05	0.9999999790020088
125	upper	125	0.37499999999999944	298415.5182973033	-1.5394038098434237e-05	-3.4966326950408015e-05	0.9999999785835126
126	upper	126	0.36999999999999944	294436.6447200059	-1.5462118521554457e-05	-3.502039249357314e-05	0.9999999785100423
127	upper	127	0.36499999999999944	290457.77114270855	-1.5859175082621254e-05	-3.5335461189261314e-05	0.9999999780803277
128	upper	128	0.35999999999999943	286478.8975654112	-1.596928009248438e-05	-3.54231217282072e-05	0.9999999779606042
129	upper	129	0.3549999999999994	282500.02398811374	-1.637370710585511e-05	-3.574499840322892e-05	0.9999999775191819
130	upper	130	0.3499999999999994	278521.15041081636	-1.6444523857569008e-05	-3.58013410419647e-05	0.9999999774416715
131	upper	131	0.3449999999999994	274542.276833519	-1.685771340547932e-05	-3.6129382744403234e-05	0.9999999769882285
132	upper	132	0.3399999999999994	270563.4032562216	-1.703564224453631e-05	-3.627130255215148e-05	0.999999976791683
133	upper	133	0.3349999999999994	266584.52967892424	-1.745541444352378e-05	-3.660649789922414e-05	0.9999999763254779
134	upper	134	0.3299999999999994	262605.6561016268	-1.752896128024207e-05	-3.666511530769038e-05	0.9999999762435926
135	upper	135	0.3249999999999994	258626.78252432944	-1.795828425834866e-05	-3.700609947656358e-05	0.9999999757644583
136	upper	136	0.3199999999999994	254647.90894703206	-1.8241747624209767e-05	-3.723262104514222e-05	0.9999999754452911
137	upper	137	0.3149999999999994	250669.03536973466	-1.8528077914256555e-05	-3.7461159834133206e-05	0.999999975121612
138	upper	138	0.3099999999999994	246690.16179243728	-1.8817350740805543e-05	-3.769168447745663e-05	0.9999999747933218
139	upper	139	0.3049999999999994	242711.2882151399	-1.9261002865140885e-05	-3.80464193181073e-05	0.9999999742857857
140	upper	140	0.2999999999999994	238732.4146378425	-1.9338809643827043e-05	-3.810836780632123e-05	0.9999999741965931
141	upper	141	0.2949999999999994	234753.54106054513	-2.0023546794597737e-05	-3.865541788765657e-05	0.9999999734051009
142	upper	142	0.28999999999999937	230774.66748324773	-2.0071662996301697e-05	-3.869384949582495e-05	0.9999999733491114
143	upper	143	0.28499999999999936	226795.79390595036	-2.053349371563389e-05	-3.906055843487385e-05	0.9999999728109603
144	upper	144	0.27999999999999936	222816.92032865295	-2.0838993509220686e-05	-3.9303656691725595e-05	0.9999999724521698
145	upper	145	0.27499999999999936	218838.04675135558	-2.1308243369625125e-05	-3.967715044332508e-05	0.9999999718970498
146	upper	146	0.26999999999999935	214859.17317405817	-2.365670821048533e-05	-4.167567981225191e-05	0.9999999689485931
147	upper	147	0.26499999999999935	210880.2995967608	-2.8643416320172425e-05	-4.706247263951664e-05	0.9999999613303033
148	upper	148	0.25999999999999934	206901.42601946343	-3.0280453546923764e-05	-4.930173338809225e-05	0.9999999582437078
149	upper	149	0.25499999999999934	202922.55244216602	-3.243584863396953e-05	-5.271521201979657e-05	0.9999999534950421
150	upper	150	0.24999999999999933	198943.67886486865	-3.511209282458393e-05	-5.8274996352764356e-05	0.9999999454864115
151	upper	151	0.24499999999999933	194964.80528757125	-3.594416864106352e-05	-6.052950612887518e-05	0.9999999420275295
152	upper	152	0.23999999999999932	190985.93171027387	0.0007454598963158603	-0.0007615992936607087	0.5414527252236244
153	upper	153	0.23499999999999932	187007.05813297647	0.000739712112705457	-0.0007251836986805271	0.5331381076175777
154	upper	154	0.22999999999999932	183028.1845556791	0.0007176134382807234	-0.0007397554384633636	0.5248244815845883
155	upper	155	0.2249999999999993	179049.31097838172	0.0006957494312291083	-0.0007940703254748936	0.5165055772509557
156	upper	156	0.2199999999999993	175070.43740108432	0.000719887551510633	-0.0009762913201956941	0.5081835007947896
157	upper	157	0.2149999999999993	171091.56382378694	0.0008265504161882653	-0.0012094929843525397	0.4998463596620855
158	upper	158	0.2099999999999993	167112.69024648954	0.0008844152347844903	-0.0013623861158767194	0.4915069779421425
159	upper	159	0.2049999999999993	163133.81666919217	0.001035368663133639	-0.0016554138453091364	0.4831556232177217
160	upper	160	0.1999999999999993	159154.94309189476	0.0011170175444302237	-0.0018822437774818968	0.47480219435304044
161	upper	161	0.19499999999999929	155176.0695145974	0.001275598555942266	-0.002290129972477997	0.46643395424146245
162	upper	162	0.18999999999999928	151197.19593729998	0.001456627419270565	-0.0027731954377815957	0.45805439493777755
163	upper	163	0.18499999999999928	147218.3223600026	0.0016357323990781262	-0.0033852239980987054	0.44965964179095497
164	upper	164	0.17999999999999927	143239.44878270524	0.0018891472739556191	-0.004319749938000574	0.4412315027548304
165	upper	165	0.17499999999999927	139260.57520540783	0.002156110972709877	-0.005629554867645865	0.4327556312855212
166	upper	166	0.16999999999999926	135281.70162811046	0.0024494611769240327	-0.007731970075730108	0.4241679577533724
167	upper	167	0.16499999999999926	131302.82805081306	0.0025217386355244303	-0.011052278023999749	0.4153521462397456
168	upper	168	0.15999999999999925	127323.95447351568	0.0019632904364616575	-0.016308566063588374	0.40602044474163856
169	upper	169	0.15499999999999925	123345.0808962183	0.0005432585731117637	-0.022903627143623925	0.39597759507377106
170	upper	170	0.14999999999999925	119366.2073189209	-0.0004167728811306072	-0.029112591503284293	0.3855669896607521
171	upper	171	0.14499999999999924	115387.33374162352	-0.0010160805668771673	-0.03467659413199444	0.3750274285681155
172	upper	172	0.13999999999999924	111408.46016432613	0.00011154215863792496	-0.04055602346007247	0.3640775612662618
173	upper	173	0.13499999999999923	107429.58658702874	0.0059374139768280584	-0.04904221388083292	0.3511816009244231
174	upper	174	0.12999999999999923	103450.71300973135	0.012645866311177745	-0.0591911215377726	0.33559538048274157
175	upper	175	0.12499999999999922	99471.83943243396	0.01694692366194702	-0.06634025735375557	0.3209577583268733
176	upper	176	0.11999999999999922	95492.96585513659	0.058059301027998965	-0.0571091004214605	0.29703657391150545
177	upper	177	0.11499999999999921	91514.0922778392	0.05907526819856488	-0.059708436488273973	0.2855736824367228
178	upper	178	0.10999999999999921	87535.21870054181	0.05964841432731527	-0.06236926018837878	0.2743731852946825
179	upper	179	0.1049999999999992	83556.34512324442	0.06012467145482378	-0.06482459154754128	0.2633700605196073
180	upper	180	0.0999999999999992	79577.47154594703	0.06063487465228619	-0.06708500464087463	0.2524574300813066
181	upper	181	0.0949999999999992	75598.59796864964	0.06122978856954052	-0.06914325318010289	0.24161857084003474
182	upper	182	0.08999999999999919	71619.72439135225	0.061982238232518964	-0.07108182746885032	0.23071045570126103
183	upper	183	0.08499999999999919	67640.85081405487	0.06297414120475496	-0.07300709805924174	0.219517144324196
184	upper	184	0.07999999999999918	63661.977236757484	0.06425833779012925	-0.07500598025690008	0.20779885224040723
185	upper	185	0.07499999999999918	59683.103659460096	0.06570989153915059	-0.07706696623447674	0.19553663105972133
186	upper	186	0.06999999999999917	55704.230082162714	0.06699666579697515	-0.07902517998256156	0.18322897380483588
187	upper	187	0.06499999999999917	51725.356504865325	0.06797506298051913	-0.08079468367367884	0.1712885150401931
188	upper	188	0.059999999999999165	47746.48292756794	0.06871086863319253	-0.08241564676277127	0.15973886044422878
189	upper	189	0.05499999999999916	43767.60935027055	0.06932532822766334	-0.08406489733144512	0.14824076425162136
190	upper	190	0.049999999999999156	39788.73577297316	0.0697116155173075	-0.08598811236461416	0.13651809032271936
191	upper	191	0.04499999999999915	35809.86219567578	0.06914609937565656	-0.08932728286283356	0.12325743083441841
192	upper	192	0.03999999999999915	31830.98861837839	0.06639039408864277	-0.09474727911845837	0.10714770273758142
193	upper	193	0.03499999999999914	27852.115041081	0.06500349546172983	-0.09724156131947759	0.09445168190858873
194	upper	194	0.02999999999999914	23873.241463783615	0.06427150770232731	-0.09888741467466396	0.08278905179594762
195	upper	195	0.024999999999999134	19894.367886486227	0.06395630271157474	-0.10035068329757846	0.07083021495427848
196	upper	196	0.01999999999999913	15915.494309188842	0.06486572432832088	-0.10168761767530228	0.05620818121538757
197	upper	197	0.014999999999999125	11936.620731891455	0.09233047894623156	-0.07610644896202544	0.030904319315454905
198	upper	198	0.00999999999999912	7957.747154594067	0.09190764065289321	-0.07637289103214935	0.02065538630656282
199	upper	199	0.004999999999999116	3978.87357729668	0.09140358182441585	-0.07679881736138296	0.01065268989045406
200	upper	200	-8.881784197001252e-16	-7.067899292141148e-10	0.09093640680665437	-0.07724588628481895	0.0008012078047034538
201	upper	201	-0.005000000000000782	-3978.8735772980053	0.09046707602834601	-0.0777720119012005	-0.009015420089311634
202	upper	202	-0.010000000000000897	-7957.74715459548	0.08996515734541143	-0.07841911051832227	-0.018930267480646218
203	upper	203	-0.015000000000001013	-11936.620731892956	0.08938993180070998	-0.07923908326681377	-0.02912803161337919
204	upper	204	-0.020000000000000906	-15915.494309190255	0.08867497479847085	-0.08030052275563455	-0.03976056685361176
205	upper	205	-0.0250000000000008	-19894.367886487555	0.08779722153889132	-0.0816012154818348	-0.05101962937669924
206	upper	206	-0.030000000000000915	-23873.241463785027	0.08677815709407913	-0.08303945748059419	-0.06350256055187707
207	upper	207	-0.03500000000000103	-27852.115041082503	0.08586350157710307	-0.0836559594814382	-0.08011872336198418
208	upper	208	-0.040000000000000924	-31830.9886183798	0.08639343916290249	-0.0803781673906319	-0.09878006995843971
209	upper	209	-0.04500000000000082	-35809.8621956771	0.08647426722742847	-0.07819838217949773	-0.11227667098459158
210	upper	210	-0.05000000000000093	-39788.73577297458	0.08589252424781009	-0.0770156163635579	-0.12470405204091455
211	upper	211	-0.05500000000000105	-43767.609350272054	0.08420915874384083	-0.07671002448719927	-0.13766225657142594
212	upper	212	-0.06000000000000094	-47746.48292756935	0.06865697571559996	-0.08643064487244864	-0.15560454890562808
213	upper	213	-0.06500000000000083	-51725.35650486665	0.06968934794671981	-0.08245274662769049	-0.16865492414647812
214	upper	214	-0.07000000000000095	-55704.230082164126	0.06934264326967272	-0.08048488064847353	-0.18007145010763528
215	upper	215	-0.07500000000000107	-59683.1036594616	0.06854079110541256	-0.07914500556406576	-0.19114690525060118
216	upper	216	-0.08000000000000096	-63661.977236758896	0.06753900899341833	-0.07800544889048892	-0.2022178063943454
217	upper	217	-0.08500000000000085	-67640.85081405619	0.06627144414468458	-0.07691215440582949	-0.2135661370426933
218	upper	218	-0.09000000000000097	-71619.72439135367	0.06451081846492801	-0.07580789246859052	-0.2254706529703418
219	upper	219	-0.09500000000000108	-75598.59796865114	0.06157604117025183	-0.07494255447936464	-0.2382094115607214
220	upper	220	-0.10000000000000098	-79577.47154594844	-0.003923852553280242	-0.08872826578566544	-0.2577764704108637
221	upper	221	-0.10500000000000087	-83556.34512324574	-0.004835605110296774	-0.08628374325618814	-0.2688780965167027
222	upper	222	-0.11000000000000099	-87535.21870054322	-0.0035353626524042476	-0.08403117787025138	-0.2799003311335796
223	upper	223	-0.1150000000000011	-91514.0922778407	0.0004642507597420614	-0.08110001907298328	-0.29170935907298784
224	upper	224	-0.120000000000001	-95492.965855138	0.008898426966712282	-0.07572081637966836	-0.3053501627638597
225	upper	225	-0.1250000000000009	-99471.8394324353	0.014811754878586445	-0.06834237981409236	-0.31974116935712077
226	upper	226	-0.130000000000001	-103450.71300973276	0.017853901813731605	-0.06142422926949586	-0.33305320517890413
227	upper	227	-0.13500000000000112	-107429.58658703024	0.018351842724359208	-0.05540401333301989	-0.3456141624952537
228	upper	228	-0.140000000000001	-111408.46016432754	0.016626602454572353	-0.04918394128816346	-0.3583804011871471
229	upper	229	-0.1450000000000009	-115387.33374162484	0.006488214525721597	-0.04028546876817778	-0.37316904263670536
230	upper	230	-0.15000000000000102	-119366.20731892232	0.00029586105526615707	0.029100521100824166	-0.3855731697709394
231	upper	231	-0.15500000000000114	-123345.08089621979	-0.0014895804730324306	0.021527858142811534	-0.39636329953284616
232	upper	232	-0.16000000000000103	-127323.9544735171	-0.002352376108559945	0.015422731488389917	-0.406196870671441
233	upper	233	-0.16500000000000092	-131302.8280508144	-0.0026617003820198918	0.010570727917834286	-0.41541889450874736
234	upper	234	-0.17000000000000104	-135281.70162811186	-0.0024427224905217313	0.00756553125908876	-0.4241859156591183
235	upper	235	-0.17500000000000115	-139260.57520540935	-0.0021596416508610937	0.005660029458723079	-0.4327523201846841
236	upper	236	-0.18000000000000105	-143239.44878270663	-0.0018802978463378771	0.004448202169801353	-0.4412222084195697
237	upper	237	-0.18500000000000094	-147218.32236000395	-0.0016554172976115424	0.003551222037666483	-0.44964895188801185
238	upper	238	-0.19000000000000106	-151197.1959373014	-0.0014809938207907593	0.00289039525215322	-0.4580475162161371
239	upper	239	-0.19500000000000117	-155176.06951459887	-0.0013219293200689806	0.0024997868561153396	-0.466423165251589
240	upper	240	-0.20000000000000107	-159154.9430918962	-0.0011633347316753722	0.0020801437278082802	-0.474793089817097
241	upper	241	-0.20500000000000096	-163133.81666919347	-0.0010555969182814127	0.0017663986836747331	-0.4831509443384908
242	upper	242	-0.21000000000000107	-167112.69024649097	-0.0009652359004227643	0.0015455154804463775	-0.49149917669684
243	upper	243	-0.2150000000000012	-171091.56382378843	-0.0008738125602207182	0.001323948731784488	-0.49984184126348363
244	upper	244	-0.22000000000000108	-175070.43740108574	-0.0008070082392958178	0.0011854687231510372	-0.5081760621483555
245	upper	245	-0.22500000000000098	-179049.31097838303	-0.0007324272035736835	0.0010403746481728268	-0.516505100069705
246	upper	246	-0.2300000000000011	-183028.18455568052	-0.0006685097967253515	0.0008966647484913197	-0.5248287337173096
247	upper	247	-0.2350000000000012	-187007.05813297798	-0.0006285434486839535	0.0008176238650943688	-0.5331455356735572
248	upper	248	-0.2400000000000011	-190985.93171027527	-0.0005782670007965256	0.0007322274007815441	-0.5414562456807356
249	upper	249	-0.245000000000001	-194964.80528757258	-0.0005300060588713583	0.0006447279493932292	-0.5497618044095891
250	upper	250	-0.2500000000000011	-198943.67886487005	-0.000489616836781807	0.0005602332795304712	-0.5580614685580327
251	upper	251	-0.2550000000000012	-202922.55244216754	-0.000465803597461397	0.0005121873623016607	-0.5663628469147931
252	upper	252	-0.2600000000000011	-206901.42601946482	-0.00043329764586223004	0.00046557885510067204	-0.5746505834149456
253	upper	253	-0.265000000000001	-210880.29959676214	-0.0004000458046341203	0.00041659133595333433	-0.5829331034477585
254	upper	254	-0.27000000000000113	-214859.1731740596	-0.00036987535649456383	0.0003672789346528857	-0.591207817342127
255	upper	255	-0.27500000000000124	-218838.0467513571	-0.0003445466267698628	0.00032044983997957764	-0.5994781398333769
256	upper	256	-0.28000000000000114	-222816.92032865438	-0.0003237293572791603	0.0002782884945192936	-0.6077398280391579
257	upper	257	-0.28500000000000103	-226795.79390595166	-0.0003061116665954926	0.00024185478871281363	-0.6159958027355035
258	upper	258	-0.29000000000000115	-230774.66748324916	-0.0002901754069927602	0.00021106195461229315	-0.6242456248583168
259	upper	259	-0.29500000000000126	-234753.54106054662	-0.0002748312046504939	0.0001850918640621762	-0.6324875512845476
260	upper	260	-0.30000000000000115	-238732.41463784393	-0.00025963043284292096	0.00016288063571054598	-0.6407212864409998
261	upper	261	-0.30500000000000105	-242711.28821514122	-0.000244595460127615	0.0001433306902393698	-0.6489487275406665
262	upper	262	-0.31000000000000116	-246690.1617924387	-0.00023005387104055192	0.0001259592515511725	-0.657168054556093
263	upper	263	-0.3150000000000013	-250669.03536973617	-0.00021618703871706548	0.00011040344727519454	-0.6653795838999251
264	upper	264	-0.3200000000000012	-254647.90894703346	-0.00020312366886274206	9.654483054928472e-05	-0.6735833428521952
265	upper	265	-0.32500000000000107	-258626.78252433077	-0.00019083538707012103	8.437176690701307e-05	-0.6817778871064571
266	upper	266	-0.3300000000000012	-262605.65610162826	-0.0001792101417089112	7.372420927907146e-05	-0.6899637982931647
267	upper	267	-0.3350000000000013	-266584.5296789257	-0.00016817235150425316	6.436875561767933e-05	-0.6981406736964801
268	upper	268	-0.3400000000000012	-270563.403256223	-0.00015772485878578043	5.6249648474244236e-05	-0.7063077768492182
269	upper	269	-0.3450000000000011	-274542.2768335203	-0.0001477800385403313	4.9106780771584085e-05	-0.7144653214159813
270	upper	270	-0.3500000000000012	-278521.1504108178	-0.00013838977566464834	4.2887753981383693e-05	-0.7226127493286355
271	upper	271	-0.3550000000000013	-282500.02398811525	-0.0001294910977962329	3.754357828151365e-05	-0.7307494129051865
272	upper	272	-0.3600000000000012	-286478.89756541257	-0.00012103526090578884	3.2968238678512704e-05	-0.7388750040756981
273	upper	273	-0.3650000000000011	-290457.7711427099	-0.00011300296974301077	2.9058662972394656e-05	-0.7469893973183342
274	upper	274	-0.3700000000000012	-294436.6447200073	-0.00010538264744699116	2.5775004333123385e-05	-0.7550917420732365
275	upper	275	-0.37500000000000133	-298415.5182973048	-9.813948611860005e-05	2.3028590283060116e-05	-0.7631818657871497
276	upper	276	-0.3800000000000012	-302394.3918746021	-9.125843372942827e-05	2.078043059346069e-05	-0.7712589801097699
277	upper	277	-0.3850000000000011	-306373.26545189944	-8.471137055805394e-05	1.8979797613776864e-05	-0.7793226785223024
278	upper	278	-0.39000000000000123	-310352.1390291969	-7.848223019316345e-05	1.758562176169434e-05	-0.7873727930941314
279	upper	279	-0.39500000000000135	-314331.01260649436	-7.255520949402633e-05	1.6539624431555744e-05	-0.7954079467489373
280	upper	280	-0.40000000000000124	-318309.8861837917	-6.691548323290307e-05	1.5829184668808667e-05	-0.803428443954177
281	upper	281	-0.40500000000000114	-322288.75976108894	-6.154103899305283e-05	1.542109358707738e-05	-0.811433075817756
282	upper	282	-0.41000000000000125	-326267.6333383864	-5.641596596034854e-05	1.5280511013397192e-05	-0.8194211740480501
283	upper	283	-0.41500000000000137	-330246.5069156839	-5.153558011115238e-05	1.5374837795150263e-05	-0.8273918263086495
284	upper	284	-0.42000000000000126	-334225.38049298123	-4.6900235479096795e-05	1.5676837835809988e-05	-0.8353446404542645
285	upper	285	-0.42500000000000115	-338204.2540702785	-4.2474672119392985e-05	1.618938594121526e-05	-0.8432784537562883
286	upper	286	-0.43000000000000127	-342183.127647576	-3.8274964302167454e-05	1.6854201671056053e-05	-0.8511921255589161
287	upper	287	-0.4350000000000014	-346162.0012248735	-3.4284141589608425e-05	1.7674936043171166e-05	-0.859084593105245
288	upper	288	-0.4400000000000013	-350140.8748021708	-3.0479139245326137e-05	1.8637537692258713e-05	-0.8669550094630234
289	upper	289	-0.4450000000000012	-354119.74837946804	-2.6862870377403144e-05	1.9703272662508844e-05	-0.8748011610167803
290	upper	290	-0.4500000000000013	-358098.62195676554	-2.3423324544617393e-05	2.086177685504409e-05	-0.8826215474445945
291	upper	291	-0.4550000000000014	-362077.495534063	-2.016986177110452e-05	2.209857307628449e-05	-0.8904134916219147
292	upper	292	-0.4600000000000013	-366056.3691113603	-1.7098493927012878e-05	2.340098218783075e-05	-0.8981739633681287
293	upper	293	-0.4650000000000012	-370035.2426886576	-1.4188440287355664e-05	2.4752493030716987e-05	-0.905900150144669
294	upper	294	-0.4700000000000013	-374014.1162659551	-1.1447855232258328e-05	2.6146499530971258e-05	-0.9135864238660323
295	upper	295	-0.4750000000000014	-377992.9898432526	-9.129425273047226e-06	2.7525383905096113e-05	-0.9212423482211989
296	upper	296	-0.4800000000000013	-381971.86342054984	-6.6585598838100036e-06	2.8935607339176146e-05	-0.9288631112144723
297	upper	297	-0.4850000000000012	-385950.73699784715	-4.362419733364159e-06	3.036192411070734e-05	-0.93643766058565
298	upper	298	-0.4900000000000013	-389929.61057514464	-2.2466799272861232e-06	3.1775739636915184e-05	-0.9439569386440411
299	upper	299	-0.49500000000000144	-393908.4841524421	-3.074971637363664e-07	3.317023737196016e-05	-0.9514840077467809
300	upper	300	-0.5000000000000013	-397887.3577297394	1.459163523310217e-06	3.452815314657899e-05	-0.9589146245634942
301	upper	301	-0.5050000000000012	-401866.2313070367	3.0576404291254043e-06	3.5859617328528415e-05	-0.966335706792726
302	upper	302	-0.5100000000000013	-405845.1048843342	4.449161689049059e-06	3.716362975332944e-05	-0.9736429959013417
303	upper	303	-0.5150000000000015	-409823.97846163163	5.661593636830802e-06	3.8435786699973395e-05	-0.9809191143512122
304	upper	304	-0.5200000000000014	-413802.85203892895	6.662089317160823e-06	3.96533925702721e-05	-0.9880422081402725
305	upper	305	-0.5250000000000012	-417781.72561622626	7.449226106511947e-06	4.079667519069668e-05	-0.9949514279662613
306	upper	306	-0.5300000000000014	-421760.5991935237	7.86488499029763e-06	4.148570327512375e-05	-0.9998438562331111
307	upper	307	-0.5350000000000015	-425739.4727708212	7.810338104871858e-06	4.116521354714746e-05	-0.9999891810256578
308	upper	308	-0.5400000000000014	-429718.3463481185	7.746616725767699e-06	4.082161183640269e-05	-0.9999973940723267
309	upper	309	-0.5450000000000013	-433697.2199254158	7.746871310210634e-06	4.082141147965893e-05	-0.9999973943119211
310	upper	310	-0.5500000000000014	-437676.09350271325	7.747377878149868e-06	4.0821009032458254e-05	-0.9999973945722035
311	upper	311	-0.5550000000000015	-441654.96708001074	7.579357746653104e-06	3.9836368160677864e-05	-0.9999994370426624
312	upper	312	-0.5600000000000014	-445633.84065730806	7.5796112755773586e-06	3.983614630910277e-05	-0.9999994371559988
313	upper	313	-0.5650000000000013	-449612.7142346053	7.580109764709761e-06	3.9835726900330435e-05	-0.9999994372737251
314	upper	314	-0.5700000000000014	-453591.5878119028	7.6023210306423715e-06	3.981723590985442e-05	-0.9999994409273473
315	upper	315	-0.5750000000000015	-457570.4613892003	7.2323466929758656e-06	3.832523469069747e-05	-0.9999998216664403
316	upper	316	-0.5800000000000014	-461549.3349664976	7.23242142224786e-06	3.8325226603068995e-05	-0.9999998217262785
317	upper	317	-0.5850000000000013	-465528.20854379487	7.232736576169368e-06	3.8325030905267105e-05	-0.9999998217874245
318	upper	318	-0.5900000000000014	-469507.08212109236	7.233291659542408e-06	3.8324647353337576e-05	-0.9999998218498849
319	upper	319	-0.5950000000000015	-473485.95569838985	7.234079522075736e-06	3.832407208058361e-05	-0.9999998219137556
320	upper	320	-0.6000000000000014	-477464.82927568717	7.2351037502841734e-06	3.832330720743302e-05	-0.9999998219790036
321	upper	321	-0.6050000000000013	-481443.7028529844	7.814922361916784e-06	3.70761878227855e-05	-0.9999998946540145
322	upper	322	-0.6100000000000014	-485422.5764302819	7.814992733381778e-06	3.707511556554112e-05	-0.9999998947050565
323	upper	323	-0.6150000000000015	-489401.4500075794	7.815300615588046e-06	3.707385238196549e-05	-0.9999998947569048
324	upper	324	-0.6200000000000014	-493380.32358487666	7.913072314593499e-06	3.6501131598745656e-05	-0.9999999151768518
325	upper	325	-0.6250000000000013	-497359.197162174	7.913233670065895e-06	3.649968694953117e-05	-0.9999999152225171
326	upper	326	-0.6300000000000014	-501338.07073947147	7.962722795022262e-06	3.607512533251181e-05	-0.9999999271217269
327	upper	327	-0.6350000000000016	-505316.94431676896	7.968266305972905e-06	3.602006739960495e-05	-0.9999999285064687
328	upper	328	-0.6400000000000015	-509295.8178940662	8.003146421114602e-06	3.566101315859945e-05	-0.9999999366460395
329	upper	329	-0.6450000000000014	-513274.69147136353	8.008842216720547e-06	3.560429850142715e-05	-0.9999999378108777
330	upper	330	-0.6500000000000015	-517253.565048661	8.043009461820701e-06	3.525293460347391e-05	-0.9999999443694975
331	upper	331	-0.6550000000000016	-521232.43862595846	8.054095379540848e-06	3.5104056355946996e-05	-0.9999999468986485
332	upper	332	-0.6600000000000015	-525211.3122032558	8.071897958274553e-06	3.4885529623661085e-05	-0.9999999502999662
333	upper	333	-0.6650000000000014	-529190.185780553	8.0809906119285e-06	3.4777001526552155e-05	-0.9999999518595208
334	upper	334	-0.6700000000000015	-533169.0593578506	8.108440404480207e-06	3.447816367776742e-05	-0.9999999557940811
335	upper	335	-0.6750000000000016	-537147.932935148	8.116242935878238e-06	3.438902364508869e-05	-0.9999999568776335
336	upper	336	-0.6800000000000015	-541126.8065124453	8.143103213313157e-06	3.406550629457894e-05	-0.9999999605034042
337	upper	337	-0.6850000000000014	-545105.6800897426	8.15029833047251e-06	3.397505305450602e-05	-0.9999999614398467
338	upper	338	-0.6900000000000015	-549084.5536670401	8.170051478077085e-06	3.373968755348828e-05	-0.9999999637073897
339	upper	339	-0.6950000000000016	-553063.4272443376	8.18004818794649e-06	3.362600725344626e-05	-0.9999999647262997
340	upper	340	-0.7000000000000015	-557042.3008216348	8.193160591291593e-06	3.3497659989271386e-05	-0.999999965806153
341	upper	341	-0.7050000000000014	-561021.1743989321	8.215850279553014e-06	3.329009657361679e-05	-0.9999999674362353
342	upper	342	-0.7100000000000015	-565000.0479762297	8.240662646892806e-06	3.303313161593809e-05	-0.9999999693070144
343	upper	343	-0.7150000000000016	-568978.9215535271	8.249411587137013e-06	3.2942219524477234e-05	-0.9999999699265588
344	upper	344	-0.7200000000000015	-572957.7951308244	8.26051455325453e-06	3.284220136592166e-05	-0.9999999705728545
345	upper	345	-0.7250000000000014	-576936.6687081218	8.283620215349382e-06	3.2643353664473527e-05	-0.9999999717828365
346	upper	346	-0.7300000000000015	-580915.5422854192	8.30069580751608e-06	3.249026297182305e-05	-0.9999999726584383
347	upper	347	-0.7350000000000017	-584894.4158627167	8.320137795713155e-06	3.2316236542137596e-05	-0.9999999735962749
348	upper	348	-0.7400000000000015	-588873.2894400139	8.336913805594437e-06	3.216805981825671e-05	-0.9999999743496206
349	upper	349	-0.7450000000000014	-592852.1630173112	8.350617490347335e-06	3.2052858102436944e-05	-0.9999999749053053
350	upper	350	-0.7500000000000016	-596831.0365946088	8.3657917170462e-06	3.1929780925702636e-05	-0.9999999754705843
351	upper	351	-0.7550000000000017	-600809.9101719062	8.385420707454348e-06	3.177736955465621e-05	-0.9999999761355363
352	upper	352	-0.7600000000000016	-604788.7837492035	8.400939938860671e-06	3.165842071409806e-05	-0.9999999766295332
353	upper	353	-0.7650000000000015	-608767.6573265009	8.421671530618208e-06	3.1497132645285984e-05	-0.9999999772673316
354	upper	354	-0.7700000000000016	-612746.5309037983	8.441070619898612e-06	3.134121441362318e-05	-0.9999999778534333
355	upper	355	-0.7750000000000017	-616725.4044810957	8.459752078924182e-06	3.118764877134127e-05	-0.9999999784028857
356	upper	356	-0.7800000000000016	-620704.278058393	8.47859650075678e-06	3.1025618163732965e-05	-0.9999999789550089
357	upper	357	-0.7850000000000015	-624683.1516356904	8.494498258144391e-06	3.089253404579428e-05	-0.9999999793875359
358	upper	358	-0.7900000000000016	-628662.0252129878	8.512061601268358e-06	3.073866114826149e-05	-0.999999979865691
359	upper	359	-0.7950000000000017	-632640.8987902853	8.529087178655748e-06	3.058536147978436e-05	-0.9999999803206018
360	upper	360	-0.8000000000000016	-636619.7723675827	8.54434646776564e-06	3.044995848261985e-05	-0.9999999807049723
361	upper	361	-0.8050000000000015	-640598.64594488	8.560292420536019e-06	3.0303322900823048e-05	-0.9999999811039083
362	upper	362	-0.8100000000000016	-644577.5195221774	8.56087099709217e-06	3.0298093646928408e-05	-0.9999999811176886
363	upper	363	-0.8150000000000017	-648556.3930994748	8.583122071913252e-06	3.012361299199575e-05	-0.9999999815618551
364	upper	364	-0.8200000000000016	-652535.2666767722	8.602527292336223e-06	2.9964531682399753e-05	-0.9999999819494082
365	upper	365	-0.8250000000000015	-656514.1402540695	8.620391328026545e-06	2.981157534719982e-05	-0.9999999823068093
366	upper	366	-0.8300000000000016	-660493.0138313669	8.63749971198471e-06	2.9656667132492365e-05	-0.999999982654326
367	upper	367	-0.8350000000000017	-664471.8874086645	8.638115192987955e-06	2.96509196794649e-05	-0.9999999826668521
368	upper	368	-0.8400000000000016	-668450.7609859618	8.662176229925258e-06	2.9446745306677434e-05	-0.9999999830973154
369	upper	369	-0.8450000000000015	-672429.634563259	8.662826173037553e-06	2.9440782001102978e-05	-0.9999999831095028
370	upper	370	-0.8500000000000016	-676408.5081405565	8.688061882784552e-06	2.9229102017399835e-05	-0.999999983528414
371	upper	371	-0.8550000000000018	-680387.381717854	8.70905842651973e-06	2.9042277778575106e-05	-0.9999999838823007
372	upper	372	-0.8600000000000017	-684366.2552951513	8.709696790063002e-06	2.903601986773095e-05	-0.9999999838938164
373	upper	373	-0.8650000000000015	-688345.1288724486	8.732475706143421e-06	2.8836905919635284e-05	-0.9999999842496782
374	upper	374	-0.8700000000000017	-692324.002449746	8.733176023124512e-06	2.8830424252873616e-05	-0.9999999842609425
375	upper	375	-0.8750000000000018	-696302.8760270436	8.757248584519801e-06	2.8631634325647524e-05	-0.9999999845965809
376	upper	376	-0.8800000000000017	-700281.7496043408	8.757965621907312e-06	2.862494279867915e-05	-0.9999999846075869
377	upper	377	-0.8850000000000016	-704260.6231816381	8.7820747239205e-06	2.8425403867361947e-05	-0.9999999849267246
378	upper	378	-0.8900000000000017	-708239.4967589356	8.803800166826915e-06	2.822760387596224e-05	-0.9999999852310582
379	upper	379	-0.8950000000000018	-712218.370336233	8.804470141743232e-06	2.8220632400626448e-05	-0.9999999852415179
380	upper	380	-0.9000000000000017	-716197.2439135304	8.826378215414496e-06	2.8022295830854358e-05	-0.9999999855312871
381	upper	381	-0.9050000000000016	-720176.1174908277	8.827054784133397e-06	2.8015122647467874e-05	-0.9999999855415204
382	upper	382	-0.9100000000000017	-724154.9910681251	8.850061885679978e-06	2.7796392837358356e-05	-0.9999999858453434
383	upper	383	-0.9150000000000018	-728133.8646454226	8.850750524824284e-06	2.7789018254402192e-05	-0.9999999858553412
384	upper	384	-0.9200000000000017	-732112.7382227199	8.87714768410216e-06	2.754200904939634e-05	-0.999999986181063
385	upper	385	-0.9250000000000016	-736091.6118000172	8.877799697167117e-06	2.7534454275085066e-05	-0.9999999861907747
386	upper	386	-0.9300000000000017	-740070.4853773147	8.9007642250887e-06	2.7281330118355857e-05	-0.9999999865075371
387	upper	387	-0.9350000000000018	-744049.3589546122	8.901326371048229e-06	2.727362182416693e-05	-0.9999999865169468
388	upper	388	-0.9400000000000017	-748028.2325319095	8.902029536078512e-06	2.726575727831933e-05	-0.9999999865264455
389	upper	389	-0.9450000000000016	-752007.1061092068	8.924002521846694e-06	2.7052912429585257e-05	-0.9999999867775582
390	upper	390	-0.9500000000000017	-755985.9796865042	8.924707103280655e-06	2.7044851571236565e-05	-0.9999999867868754
391	upper	391	-0.9550000000000018	-759964.8532638017	8.95015142848835e-06	2.6789200095834484e-05	-0.9999999870750492
392	upper	392	-0.9600000000000017	-763943.726841099	8.950751395700266e-06	2.678098988952065e-05	-0.9999999870840973
393	upper	393	-0.9650000000000016	-767922.6004183963	8.95148741965483e-06	2.677262540594457e-05	-0.999999987093231
394	upper	394	-0.9700000000000017	-771901.4739956937	8.97588832657988e-06	2.6512344671448083e-05	-0.9999999873706762
395	upper	395	-0.9750000000000019	-775880.3475729913	8.976538416698799e-06	2.650382422390184e-05	-0.9999999873795692
396	upper	396	-0.9800000000000018	-779859.2211502886	8.999156442162067e-06	2.6246078909432807e-05	-0.9999999876423888
397	upper	397	-0.9850000000000017	-783838.0947275858	8.999707448684801e-06	2.6237413264454724e-05	-0.9999999876510378
398	upper	398	-0.9900000000000018	-787816.9683048833	9.00038812788714e-06	2.6228596396302393e-05	-0.9999999876597684
399	upper	399	-0.9950000000000019	-791795.8418821808	9.02268769913817e-06	2.5950711784582952e-05	-0.9999999879287584
400	upper	400	-1.0000000000000018	-795774.7154594781	9.023205574150232e-06	2.5941779436309536e-05	-0.999999987937228
401	lower	0	-1.0	-795774.7154594767	9.02371019945284e-06	2.5932853376561146e-05	-0.9999999879456812
402	lower	1	-0.995	-791795.8418821793	9.024060275001618e-06	2.592409058235795e-05	-0.9999999879540358
403	lower	2	-0.99	-787816.968304882	9.024256620790263e-06	2.5915490915820932e-05	-0.9999999879622814
404	lower	3	-0.985	-783838.0947275845	9.024300061095195e-06	2.5907054206976135e-05	-0.9999999879704218
405	lower	4	-0.98	-779859.2211502871	9.024191388492531e-06	2.589878026646001e-05	-0.9999999879784552
406	lower	5	-0.975	-775880.3475729898	9.023931329659572e-06	2.5890668901412393e-05	-0.9999999879863879
407	lower	6	-0.97	-771901.4739956923	9.023520519727035e-06	2.588271993152387e-05	-0.9999999879942142
408	lower	7	-0.965	-767922.600418395	9.022959489477124e-06	2.587493320189442e-05	-0.9999999880019342
409	lower	8	-0.96	-763943.7268410976	9.02224866597164e-06	2.5867308591241375e-05	-0.9999999880095546
410	lower	9	-0.955	-759964.8532638001	9.021388383957718e-06	2.585984601501027e-05	-0.9999999880170684
411	lower	10	-0.95	-755985.9796865028	9.020378903708993e-06	2.5852545423838787e-05	-0.9999999880244744
412	lower	11	-0.945	-752007.1061092054	9.019220431061785e-06	2.584540679915654e-05	-0.9999999880317822
413	lower	12	-0.94	-748028.2325319081	9.01791313642202e-06	2.5838430147142584e-05	-0.9999999880389868
414	lower	13	-0.9349999999999999	-744049.3589546107	9.016457170891892e-06	2.583161549244554e-05	-0.9999999880460848
415	lower	14	-0.9299999999999999	-740070.4853773132	9.014852678724198e-06	2.5824962872066068e-05	-0.9999999880530785
416	lower	15	-0.9249999999999999	-736091.6118000159	9.013099806194655e-06	2.5818472330196903e-05	-0.9999999880599707
417	lower	16	-0.9199999999999999	-732112.7382227185	9.011198707366556e-06	2.581214391416297e-05	-0.9999999880667558
418	lower	17	-0.9149999999999999	-728133.8646454212	9.009149547303385e-06	2.5805977671132543e-05	-0.9999999880734375
419	lower	18	-0.9099999999999999	-724154.9910681237	8.95058701588688e-06	2.5646718918133227e-05	-0.9999999882454098
420	lower	19	-0.9049999999999999	-720176.1174908263	8.9480776944171e-06	2.564106373403494e-05	-0.9999999882514856
421	lower	20	-0.8999999999999999	-716197.243913529	8.874716314445292e-06	2.549043951223957e-05	-0.9999999884126807
422	lower	21	-0.8949999999999999	-712218.3703362315	8.87178364036239e-06	2.548529003388438e-05	-0.9999999884181667
423	lower	22	-0.8899999999999999	-708239.4967589342	8.868705922764255e-06	2.5480300773375813e-05	-0.9999999884235525
424	lower	23	-0.8849999999999999	-704260.6231816368	8.769408526411381e-06	2.533385391974431e-05	-0.99999998858084
425	lower	24	-0.8799999999999999	-700281.7496043394	8.765917986779528e-06	2.532942200289791e-05	-0.9999999885855733
426	lower	25	-0.8749999999999999	-696302.876027042	8.647201092897263e-06	2.519254559169029e-05	-0.9999999887310468
427	lower	26	-0.8699999999999999	-692324.0024497446	8.643338475796748e-06	2.5188661706474428e-05	-0.9999999887351565
428	lower	27	-0.8649999999999999	-688345.1288724472	8.506004541481021e-06	2.5064113645621155e-05	-0.9999999888662756
429	lower	28	-0.8599999999999999	-684366.2552951499	8.383088661720246e-06	2.4968162586556345e-05	-0.9999999889646627
430	lower	29	-0.8549999999999999	-680387.3817178524	8.378703184473278e-06	2.4965219360382962e-05	-0.9999999889676878
431	lower	30	-0.8499999999999999	-676408.5081405551	8.23174078307635e-06	2.4876668520684222e-05	-0.9999999890584074
432	lower	31	-0.8449999999999999	-672429.6345632577	8.099212843659931e-06	2.480863828504434e-05	-0.9999999891262055
433	lower	32	-0.8399999999999999	-668450.7609859603	8.094401744931388e-06	2.48065772251226e-05	-0.9999999891282835
434	lower	33	-0.8349999999999999	-664471.8874086629	7.947341350307856e-06	2.4751070164629973e-05	-0.9999999891843752
435	lower	34	-0.8299999999999998	-660493.0138313655	7.942281711584844e-06	2.4749536268988607e-05	-0.9999999891859555
436	lower	35	-0.8249999999999998	-656514.1402540682	7.762521689905762e-06	2.4704040909946603e-05	-0.9999999892331187
437	lower	36	-0.8199999999999998	-652535.2666767708	7.619371044522954e-06	2.467695651435321e-05	-0.9999999892604189
438	lower	37	-0.8149999999999998	-648556.3930994733	7.614009374742859e-06	2.4676277850801695e-05	-0.999999989261165
439	lower	38	-0.8099999999999998	-644577.519522176	7.453941421628104e-06	2.4661816465748322e-05	-0.9999999892778244
440	lower	39	-0.8049999999999998	-640598.6459448786	7.4483903468662725e-06	2.4661640390396825e-05	-0.999999989278123
441	lower	40	-0.7999999999999998	-636619.7723675813	7.254305258248587e-06	2.4662875307335045e-05	-0.9999999892818627
442	lower	41	-0.7949999999999998	-632640.8987902838	7.248593153878184e-06	2.466320428087314e-05	-0.9999999892817139
443	lower	42	-0.7899999999999998	-628662.0252129864	7.000847883027802e-06	2.468526205205096e-05	-0.9999999892672145
444	lower	43	-0.7849999999999998	-624683.1516356891	6.9950323859308545e-06	2.4686146367817145e-05	-0.9999999892665772
445	lower	44	-0.7799999999999998	-620704.2780583916	6.793365274280317e-06	2.4721856844755246e-05	-0.9999999892394508
446	lower	45	-0.7749999999999998	-616725.4044810942	6.787429363928709e-06	2.472322828498495e-05	-0.9999999892384086
447	lower	46	-0.7699999999999998	-612746.5309037969	6.627400079055841e-06	2.4763367894613746e-05	-0.9999999892074884
448	lower	47	-0.7649999999999998	-608767.6573264995	6.621316927953e-06	2.4765169126833568e-05	-0.9999999892061097
449	lower	48	-0.7599999999999998	-604788.7837492021	6.433295427218515e-06	2.4825325024671996e-05	-0.9999999891596896
450	lower	49	-0.7549999999999998	-600809.9101719047	6.427116308264075e-06	2.4827587804525443e-05	-0.9999999891579582
451	lower	50	-0.7499999999999998	-596831.0365946073	6.238997012948256e-06	2.490038750566575e-05	-0.9999999891016992
452	lower	51	-0.7449999999999998	-592852.16301731	6.232711537333305e-06	2.490308008194649e-05	-0.9999999890996231
453	lower	52	-0.7399999999999998	-588873.2894400125	5.964560177730803e-06	2.5023297055925818e-05	-0.9999999890056339
454	lower	53	-0.7349999999999998	-584894.4158627152	5.958278887327652e-06	2.5026489126533405e-05	-0.9999999890031707
455	lower	54	-0.7299999999999998	-580915.5422854178	5.772856219299727e-06	2.5123654415877123e-05	-0.999999988927919
456	lower	55	-0.7249999999999998	-576936.6687081204	5.7664792607352715e-06	2.512724921933438e-05	-0.9999999889251558
457	lower	56	-0.7199999999999998	-572957.795130823	5.556648645407241e-06	2.5248112351994803e-05	-0.9999999888314619
458	lower	57	-0.7149999999999997	-568978.9215535256	5.550217659662443e-06	2.5252124822164335e-05	-0.9999999888283877
459	lower	58	-0.7099999999999997	-565000.0479762283	5.360094478963629e-06	2.5373406675551743e-05	-0.999999988735207
460	lower	59	-0.7049999999999997	-561021.1743989309	5.353588462289887e-06	2.537780988477841e-05	-0.9999999887318505
461	lower	60	-0.6999999999999997	-557042.3008216334	5.134000958423447e-06	2.55306498688591e-05	-0.9999999886150365
462	lower	61	-0.6949999999999997	-553063.4272443361	5.12749207129548e-06	2.5535469997261625e-05	-0.9999999886113821
463	lower	62	-0.6899999999999997	-549084.5536670387	4.927760799679587e-06	2.5685835236839417e-05	-0.9999999884968842
464	lower	63	-0.6849999999999997	-545105.6800897414	4.921192717143483e-06	2.5691029789409595e-05	-0.9999999884929502
465	lower	64	-0.6799999999999997	-541126.8065124439	4.662298556045146e-06	2.589843019967637e-05	-0.9999999883347019
466	lower	65	-0.6749999999999997	-537147.9329351465	4.655760393921522e-06	2.5904029108552413e-05	-0.9999999883304765
467	lower	66	-0.6699999999999997	-533169.0593578492	4.481912681195885e-06	2.605301812759651e-05	-0.9999999882172835
468	lower	67	-0.6649999999999997	-529190.1857805518	4.47531772669633e-06	2.6058974501095006e-05	-0.999999988212813
469	lower	68	-0.6599999999999997	-525211.3122032543	4.291007586914084e-06	2.622595862303251e-05	-0.9999999880867293
470	lower	69	-0.6549999999999997	-521232.438625957	4.2843367696276765e-06	2.6232255685139252e-05	-0.9999999880820011
471	lower	70	-0.6499999999999997	-517253.56504865957	4.060966782770169e-06	2.644356993957225e-05	-0.9999999879222056
472	lower	71	-0.6449999999999997	-513274.6914713622	4.0542788998114306e-06	2.645022214296152e-05	-0.9999999879172199
473	lower	72	-0.6399999999999997	-509295.8178940648	3.855926857246777e-06	2.6648499682735455e-05	-0.9999999877679611
474	lower	73	-0.6349999999999997	-505316.94431676745	3.84922742899826e-06	2.6655500564597864e-05	-0.999999987762734
475	lower	74	-0.6299999999999997	-501338.0707394701	3.6231209530395918e-06	2.6894352714467978e-05	-0.999999987583647
476	lower	75	-0.6249999999999997	-497359.19716217264	3.6164118740168685e-06	2.6901691035122796e-05	-0.9999999875781658
477	lower	76	-0.6199999999999997	-493380.32358487527	3.3404948525663012e-06	2.7204462568840842e-05	-0.9999999873499911
478	lower	77	-0.6149999999999997	-489401.4500075779	3.333877484728857e-06	2.7212159114225698e-05	-0.9999999873442521
479	lower	78	-0.6099999999999997	-485422.5764302805	3.327092976762298e-06	2.721997927887441e-05	-0.9999999873384137
480	lower	79	-0.6049999999999996	-481443.7028529831	3.1219617205837497e-06	2.745665833412821e-05	-0.9999999871608586
481	lower	80	-0.5999999999999996	-477464.8292756857	2.9154925972184435e-06	2.7703334234236166e-05	-0.9999999869751457
482	lower	81	-0.5949999999999996	-473485.95569838834	2.9087906570623203e-06	2.7711654512946438e-05	-0.9999999869689263
483	lower	82	-0.5899999999999996	-469507.08212109096	2.7230821461017406e-06	2.7940784255728057e-05	-0.9999999867965438
484	lower	83	-0.5849999999999996	-465528.2085437936	2.7163081913931494e-06	2.794940286235226e-05	-0.9999999867900846
485	lower	84	-0.5799999999999996	-461549.33496649616	2.5065568699872482e-06	2.821633000666424e-05	-0.9999999865891785
486	lower	85	-0.5749999999999996	-457570.4613891988	2.4997844610879818e-06	2.8225257254613613e-05	-0.9999999865824898
487	lower	86	-0.5699999999999996	-453591.5878119014	2.267238207771212e-06	2.8533293513250532e-05	-0.9999999863506995
488	lower	87	-0.5649999999999996	-449612.71423460403	2.2604544042460804e-06	2.8542517540365515e-05	-0.9999999863437696
489	lower	88	-0.5599999999999996	-445633.84065730666	2.0327604475379795e-06	2.884958793359144e-05	-0.9999999861110779
490	lower	89	-0.5549999999999996	-441654.9670800092	2.0259526599777975e-06	2.8859104650604323e-05	-0.9999999861039025
491	lower	90	-0.5499999999999996	-437676.09350271185	1.8193419772750833e-06	2.9146934385292462e-05	-0.9999999858857056
492	lower	91	-0.5449999999999996	-433697.2199254145	1.8124775301598982e-06	2.9156733583915127e-05	-0.9999999858782932
493	lower	92	-0.5399999999999996	-429718.3463481171	1.5450201279720883e-06	2.9542489050268397e-05	-0.9999999855852889
494	lower	93	-0.5349999999999996	-425739.4727708197	1.5382409274898657e-06	2.955258453344598e-05	-0.9999999855776358
495	lower	94	-0.5299999999999996	-421760.5991935223	1.3301554705638925e-06	2.9860537794019545e-05	-0.9999999853426785
496	lower	95	-0.5249999999999996	-417781.7256162249	1.3232987213526099e-06	2.9870902559359072e-05	-0.9999999853347777
497	lower	96	-0.5199999999999996	-413802.85203892755	1.1102261744077405e-06	3.018873248537847e-05	-0.999999985090381
498	lower	97	-0.5149999999999996	-409823.9784616302	1.103297770988745e-06	3.0199367411962606e-05	-0.9999999850822329
499	lower	98	-0.5099999999999996	-405845.10488433274	8.764760892519891e-07	3.054672843799816e-05	-0.9999999848145239
500	lower	99	-0.5049999999999996	-401866.23130703537	8.695427567772163e-07	3.055763725129911e-05	-0.99999998480613
501	lower	100	-0.49999999999999956	-397887.357729738	6.540899666835861e-07	3.089417192292288e-05	-0.9999999845454497
502	lower	101	-0.49499999999999955	-393908.4841524406	6.47070277978221e-07	3.090534099298872e-05	-0.9999999845367922
503	lower	102	-0.48999999999999955	-389929.6105751432	3.0612592333743943e-07	3.1445170429254905e-05	-0.9999999841141348
504	lower	103	-0.48499999999999954	-385950.7369978458	2.992472615007075e-07	3.145661879901267e-05	-0.9999999841052165
505	lower	104	-0.47999999999999954	-381971.86342054844	1.0952886692293903e-07	3.176710223746961e-05	-0.999999983861317
506	lower	105	-0.47499999999999953	-377992.98984325107	1.0249248534840764e-07	3.1778798489547824e-05	-0.9999999838521286
507	lower	106	-0.46999999999999953	-374014.1162659537	-1.8726839042749096e-07	3.225496054430832e-05	-0.999999983474277
508	lower	107	-0.4649999999999995	-370035.24268865626	-1.942529234757683e-07	3.226692127306159e-05	-0.9999999834648265
509	lower	108	-0.4599999999999995	-366056.3691113589	-4.3292182275406376e-07	3.267286470385783e-05	-0.99999998314172
510	lower	109	-0.4549999999999995	-362077.4955340615	-4.400012966835422e-07	3.2685071576393524e-05	-0.9999999831319847
511	lower	110	-0.4499999999999995	-358098.62195676414	-6.827512931524742e-07	3.309676655086925e-05	-0.9999999828004031
512	lower	111	-0.4449999999999995	-354119.7483794667	-6.898788425117448e-07	3.310922580144738e-05	-0.999999982790399
513	lower	112	-0.4399999999999995	-350140.87480216933	-9.256102657555341e-07	3.351771066507134e-05	-0.9999999824598285
514	lower	113	-0.4349999999999995	-346162.00122487196	-9.328548097363357e-07	3.353041228998814e-05	-0.9999999824495235
515	lower	114	-0.4299999999999995	-342183.1276475746	-1.3857707063484558e-06	3.432154933382595e-05	-0.9999999817992269
516	lower	115	-0.4249999999999995	-338204.2540702772	-1.392775859168574e-06	3.433450936848839e-05	-0.9999999817886043
517	lower	116	-0.4199999999999995	-334225.3804929798	-1.4000160684700372e-06	3.434758358761116e-05	-0.9999999817778541
518	lower	117	-0.4149999999999995	-330246.5069156824	-1.6284567944464443e-06	3.4753633313769426e-05	-0.9999999814408761
519	lower	118	-0.4099999999999995	-326267.633338385	-1.8358224056195272e-06	3.512721202280424e-05	-0.9999999811284985
520	lower	119	-0.40499999999999947	-322288.75976108765	-1.8431893806258163e-06	3.5140644805462915e-05	-0.9999999811172522
521	lower	120	-0.39999999999999947	-318309.8861837902	-2.0649930655893455e-06	3.553866716066945e-05	-0.999999980781207
522	lower	121	-0.39499999999999946	-314331.01260649285	-2.281516290598584e-06	3.593387800678974e-05	-0.9999999804452637
523	lower	122	-0.38999999999999946	-310352.1390291955	-2.2890008642042304e-06	3.59476681598789e-05	-0.9999999804335181
524	lower	123	-0.38499999999999945	-306373.2654518981	-2.5438978810966818e-06	3.641231855414815e-05	-0.9999999800345234
525	lower	124	-0.37999999999999945	-302394.3918746007	-2.7611912902369336e-06	3.681385069433176e-05	-0.9999999796867902
526	lower	125	-0.37499999999999944	-298415.5182973033	-2.7687814794730818e-06	3.682799479136794e-05	-0.9999999796745136
527	lower	126	-0.36999999999999944	-294436.6447200059	-2.9920513101379057e-06	3.723617149054739e-05	-0.9999999793169924
528	lower	127	-0.36499999999999944	-290457.77114270855	-3.2045487170214803e-06	3.762888341446244e-05	-0.9999999789702717
529	lower	128	-0.35999999999999943	-286478.8975654112	-3.426225586833191e-06	3.804387369678438e-05	-0.9999999786011962
530	lower	129	-0.3549999999999994	-282500.02398811374	-3.43399004254973e-06	3.805848599905334e-05	-0.9999999785881584
531	lower	130	-0.3499999999999994	-278521.15041081636	-3.704642818294037e-06	3.856161379736484e-05	-0.9999999781354173
532	lower	131	-0.3449999999999994	-274542.276833519	-3.916983957325558e-06	3.895869720921668e-05	-0.9999999777744064
533	lower	132	-0.3399999999999994	-270563.4032562216	-4.125797256789372e-06	3.935188212194616e-05	-0.9999999774139944
534	lower	133	-0.3349999999999994	-266584.52967892424	-4.35625295016749e-06	3.979055234131334e-05	-0.999999977008792
535	lower	134	-0.3299999999999994	-262605.6561016268	-4.364219935230316e-06	3.980574269092475e-05	-0.9999999769947042
536	lower	135	-0.3249999999999994	-258626.78252432944	-4.629218933483557e-06	4.030272688022758e-05	-0.9999999765294512
537	lower	136	-0.3199999999999994	-254647.90894703206	-4.904810928373875e-06	4.082665055221562e-05	-0.9999999760340949
538	lower	137	-0.3149999999999994	-250669.03536973466	-4.9129868402407e-06	4.084218482307884e-05	-0.9999999760193202
539	lower	138	-0.3099999999999994	-246690.16179243728	-5.210681262158759e-06	4.140027465427461e-05	-0.9999999754835226
540	lower	139	-0.3049999999999994	-242711.2882151399	-5.467743885837438e-06	4.1885583318019636e-05	-0.9999999750121358
541	lower	140	-0.2999999999999994	-238732.4146378425	-5.72032927879455e-06	4.236550527882249e-05	-0.9999999745410609
542	lower	141	-0.2949999999999994	-234753.54106054513	-5.982351053053569e-06	4.2866900612682954e-05	-0.9999999740437427
543	lower	142	-0.28999999999999937	-230774.66748324773	-5.990797954351994e-06	4.28830079885627e-05	-0.9999999740276664
544	lower	143	-0.28499999999999936	-226795.79390595036	-6.2957744778994105e-06	4.345542609667699e-05	-0.9999999734506975
545	lower	144	-0.27999999999999936	-222816.92032865295	-6.624876689796675e-06	4.408024739545139e-05	-0.9999999728128917
546	lower	145	-0.27499999999999936	-218838.04675135558	0.0002107358514103635	-0.00045122638007552617	-0.599429897076666
547	lower	146	-0.26999999999999935	-214859.17317405817	0.00018685659393277368	-0.00042162020205178014	-0.5911521272482679
548	lower	147	-0.26499999999999935	-210880.2995967608	0.00020461944673878956	-0.00040018006412419123	-0.5828765666589502
549	lower	148	-0.25999999999999934	-206901.42601946343	0.00024309073794173618	-0.0003950614883163924	-0.5745959444467811
550	lower	149	-0.25499999999999934	-202922.55244216602	0.00029091588266447264	-0.0004042876491685729	-0.5663085726161613
551	lower	150	-0.24999999999999933	-198943.67886486865	0.0003427409693794695	-0.00042366014384721763	-0.5580148292399086
552	lower	151	-0.24499999999999933	-194964.80528757125	0.00039695125400514335	-0.00044938277284608147	-0.549715567875206
553	lower	152	-0.23999999999999932	-190985.93171027387	0.00047546030119934637	-0.0005048726916174604	-0.5414165425435131
554	lower	153	-0.23499999999999932	-187007.05813297647	0.0005425144459655602	-0.0005623268753099902	-0.5331062085882664
555	lower	154	-0.22999999999999932	-183028.1845556791	0.0006089935778017642	-0.0006146327895882023	-0.5247889487383708
556	lower	155	-0.2249999999999993	-179049.31097838172	0.0006818206907896903	-0.0006634571579252393	-0.5164676113816382
557	lower	156	-0.2199999999999993	-175070.43740108432	0.000765577240086275	-0.0007095531761527672	-0.5081394104777549
558	lower	157	-0.2149999999999993	-171091.56382378694	0.0009024559721318381	-0.0007992329892444146	-0.49980644569614696
559	lower	158	-0.2099999999999993	-167112.69024648954	0.0010341261737186228	-0.0008835224701658287	-0.4914671088395532
560	lower	159	-0.2049999999999993	-163133.81666919217	0.0011775714888486192	-0.0009609897297704947	-0.4831225449395881
561	lower	160	-0.1999999999999993	-159154.94309189476	0.0013976326411665545	-0.0010879775910416184	-0.47476961365154047
562	lower	161	-0.19499999999999929	-155176.0695145974	0.0016679603211141093	-0.0012581207802476039	-0.4664086954249202
563	lower	162	-0.18999999999999928	-151197.19593729998	0.0019470409785087525	-0.0014023046677463875	-0.45804226931791764
564	lower	163	-0.18499999999999928	-147218.3223600026	0.0023371286144675896	-0.0015673591862912528	-0.4496651182170253
565	lower	164	-0.17999999999999927	-143239.44878270524	0.0029094531193725823	-0.0017890677549021843	-0.44127128220223005
566	lower	165	-0.17499999999999927	-139260.57520540783	0.003630035396356556	-0.001981407403414843	-0.43286107117441636
567	lower	166	-0.16999999999999926	-135281.70162811046	0.004830662346060443	-0.0021736434225773627	-0.42440677651402897
568	lower	167	-0.16499999999999926	-131302.82805081306	0.006898394805317158	-0.002157750406055875	-0.41585655702658897
569	lower	168	-0.15999999999999925	-127323.95447351568	0.011360244728010142	-0.000962271474393656	-0.406941397971725
570	lower	169	-0.15499999999999925	-123345.0808962183	0.019662669662390407	0.0026296335074185505	-0.39683605530803484
571	lower	170	-0.14999999999999925	-119366.2073189209	0.027450318995900128	0.005476660372982282	-0.3860048522713554
572	lower	171	-0.14499999999999924	-115387.33374162352	0.03332175431485374	0.007612302912602297	-0.3752790396085198
573	lower	172	-0.13999999999999924	-111408.46016432613	0.03834529894736449	0.009559259189919147	-0.3645721093573768
574	lower	173	-0.13499999999999923	-107429.58658702874	0.04294328563718672	0.011484715560853887	-0.3538216608482499
575	lower	174	-0.12999999999999923	-103450.71300973135	0.047400257575196086	0.014427884709213298	-0.3427872414696807
576	lower	175	-0.12499999999999922	-99471.83943243396	0.034836896994659985	0.059142878409645175	-0.3208897023888677
577	lower	176	-0.11999999999999922	-95492.96585513659	0.035464357742796625	0.06486311822181237	-0.30782921379535905
578	lower	177	-0.11499999999999921	-91514.0922778392	0.03314477867841609	0.07175261731027625	-0.29447522617171007
579	lower	178	-0.10999999999999921	-87535.21870054181	-0.01338665862875659	0.08518752937902581	-0.27516892129647247
580	lower	179	-0.1049999999999992	-83556.34512324442	-0.013900015186174775	0.08683619831674143	-0.2647349597189292
581	lower	180	-0.0999999999999992	-79577.47154594703	-0.014456694214010489	0.08830756293875007	-0.25457454440501426
582	lower	181	-0.0949999999999992	-75598.59796864964	-0.014971553051415384	0.08976698441268037	-0.2444989879746486
583	lower	182	-0.08999999999999919	-71619.72439135225	-0.015496808406844533	0.09125582603130755	-0.23444213871690026
584	lower	183	-0.08499999999999919	-67640.85081405487	-0.016059945523322152	0.0928719028525847	-0.22426243236584137
585	lower	184	-0.07999999999999918	-63661.977236757484	-0.016784356090535035	0.09467356863555954	-0.2138242045116
586	lower	185	-0.07499999999999918	-59683.103659460096	-0.017991524986748005	0.09671466639317866	-0.20290302321695344
587	lower	186	-0.06999999999999917	-55704.230082162714	-0.02094406552758423	0.0990254067889396	-0.1908874647415188
588	lower	187	-0.06499999999999917	-51725.356504865325	-0.029236950322170142	0.10115036708561458	-0.17608335843981593
589	lower	188	-0.059999999999999165	-47746.48292756794	-0.07311724774110728	0.08609298621881885	-0.1448193864561631
590	lower	189	-0.05499999999999916	-43767.60935027055	-0.07414850201943793	0.08632699892386736	-0.13333602793214694
591	lower	190	-0.049999999999999156	-39788.73577297316	-0.07511316538865236	0.08639768965867019	-0.1225251053243455
592	lower	191	-0.04499999999999915	-35809.86219567578	-0.07620715849025239	0.08631660698415039	-0.11196232796015282
593	lower	192	-0.03999999999999915	-31830.98861837839	-0.07759700018598048	0.08604228857063845	-0.10130018371822919
594	lower	193	-0.03499999999999914	-27852.115041081	-0.07967941074478678	0.08536481855995036	-0.08989383080558265
595	lower	194	-0.02999999999999914	-23873.241463783615	-0.08573644574170901	0.08186848757328248	-0.07292221478205177
596	lower	195	-0.024999999999999134	-19894.367886486227	-0.08858126188569751	0.0797285639949747	-0.05558068625130856
597	lower	196	-0.01999999999999913	-15915.494309188842	-0.08877935754500717	0.07949425127310958	-0.04399810984837251
598	lower	197	-0.014999999999999125	-11936.620731891455	-0.08880011491781885	0.07944769172185605	-0.03339659986463374
599	lower	198	-0.00999999999999912	-7957.747154594067	-0.08884489367627023	0.07942851903177572	-0.023190277042378946
600	lower	199	-0.004999999999999116	-3978.87357729668	-0.08887939992248778	0.0794938679647376	-0.01310709478534597
601	lower	200	8.881784197001252e-16	7.067899292141148e-10	-0.0889525092004275	0.07959253834576027	-0.002984621509861384
602	lower	201	0.005000000000000782	3978.8735772980053	-0.08891505902646413	0.07990242276620049	0.007438528303626158
603	lower	202	0.010000000000000897	7957.74715459548	-0.08846285998555369	0.08076056827500923	0.018811604410543522
604	lower	203	0.015000000000001013	11936.620731892956	-0.08657531324498509	0.08299916884542467	0.03192240498062195
605	lower	204	0.020000000000000906	15915.494309190255	-0.08486827186376246	0.08465930635526488	0.04360378377696279
606	lower	205	0.0250000000000008	19894.367886487555	-0.08390325031072485	0.08556435351436333	0.05434768217784008
607	lower	206	0.030000000000000915	23873.241463785027	-0.08305433746453943	0.08640295294810878	0.0650800623295725
608	lower	207	0.03500000000000103	27852.115041082503	-0.08206531352371912	0.08737022757764619	0.0765375727328089
609	lower	208	0.040000000000000924	31830.9886183798	-0.08038218895913965	0.08860139685505822	0.090427417822387
610	lower	209	0.04500000000000082	35809.8621956771	-0.07771412483064215	0.08946778011624995	0.10664657598386823
611	lower	210	0.05000000000000093	39788.73577297458	-0.07401004112857566	0.09025813962151412	0.12260508203776571
612	lower	211	0.05500000000000105	43767.609350272054	-0.07019139719643067	0.09025319011794469	0.13848783930415667
613	lower	212	0.06000000000000094	47746.48292756935	-0.06979194149552612	0.08713451044846271	0.15362421401642884
614	lower	213	0.06500000000000083	51725.35650486665	-0.07091932871036515	0.08291947577144633	0.1672574892210601
615	lower	214	0.07000000000000095	55704.230082164126	-0.07047555124576244	0.08091422214080486	0.1790649045666566
616	lower	215	0.07500000000000107	59683.1036594616	-0.06973819588239273	0.07940185639217964	0.19047390494860625
617	lower	216	0.08000000000000096	63661.977236758896	-0.06876574442620227	0.07803523242850055	0.20197142758953796
618	lower	217	0.08500000000000085	67640.85081405619	-0.06739747047789585	0.07670888491568226	0.21387222140905512
619	lower	218	0.09000000000000097	71619.72439135367	-0.0652453709010246	0.07540904714922572	0.2265216470404293
620	lower	219	0.09500000000000108	75598.59796865114	-0.061667613629333616	0.07450180266867529	0.23986366560063857
621	lower	220	0.10000000000000098	79577.47154594844	0.05565644500398269	0.06833518221502917	0.258074065709956
622	lower	221	0.10500000000000087	83556.34512324574	0.05061399067701543	0.06746977225002798	0.2708576294028538
623	lower	222	0.11000000000000099	87535.21870054322	0.04581214486158634	0.06558893874866578	0.28389211267531117
624	lower	223	0.1150000000000011	91514.0922778407	0.0412536777978067	0.06304265555910542	0.29685854869910994
625	lower	224	0.120000000000001	95492.965855138	0.03683213014466882	0.060280901200367526	0.3094910323475298
626	lower	225	0.1250000000000009	99471.8394324353	0.03268044700425634	0.05747308451113639	0.32164742109639727
627	lower	226	0.130000000000001	103450.71300973276	0.029248699200550274	0.054642169219740855	0.3332434355137206
628	lower	227	0.13500000000000112	107429.58658703024	0.026190684335597507	0.05165846357524413	0.344608647930583
629	lower	228	0.140000000000001	111408.46016432754	0.023282717328918064	0.04834433563758454	0.3559553825404623
630	lower	229	0.1450000000000009	115387.33374162484	0.020332641185606987	0.044410144102511644	0.3674724678153565
631	lower	230	0.15000000000000102	119366.20731892232	0.017019921116704646	0.03928698742172234	0.3794176254736984
632	lower	231	0.15500000000000114	123345.08089621979	0.012341315025232062	0.03153009746208587	0.39226336250322325
633	lower	232	0.16000000000000103	127323.9544735171	-0.011866502258874895	0.0025956299611807417	0.406833983297399
634	lower	233	0.16500000000000092	131302.8280508144	-0.007084752320500093	0.0020131470510152453	0.4158413479071854
635	lower	234	0.17000000000000104	135281.70162811186	-0.004960690583733689	0.0021113259894589226	0.4243986562892982
636	lower	235	0.17500000000000115	139260.57520540935	-0.003921762413889272	0.0019344567390596026	0.43284477332677335
637	lower	236	0.18000000000000105	143239.44878270663	-0.00310318270167663	0.0017423073129139081	0.4412625915834632
638	lower	237	0.18500000000000094	147218.32236000395	-0.0025607152143389635	0.0015775028704673455	0.4496550795830519
639	lower	238	0.19000000000000106	151197.1959373014	-0.002181323126559761	0.0014191113995777477	0.45803278316434404
640	lower	239	0.19500000000000117	155176.06951459887	-0.0017984764841275174	0.0012684282793845973	0.46640386906525444
641	lower	240	0.20000000000000107	159154.9430918962	-0.0015902711232064928	0.0011656573734774114	0.4747619238495357
642	lower	241	0.20500000000000096	163133.81666919347	-0.0013726707150316132	0.0010452640476140854	0.483115275078029
643	lower	242	0.21000000000000107	167112.69024649097	-0.0011583795030900635	0.0009430514594255374	0.49146268721023495
644	lower	243	0.2150000000000012	171091.56382378843	-0.0010306266720372904	0.0008747863771632662	0.49980188889025673
645	lower	244	0.22000000000000108	175070.43740108574	-0.0009032028018216675	0.0007981790967841698	0.5081358838248528
646	lower	245	0.22500000000000098	179049.31097838303	-0.0008309940456481354	0.0007449503941564122	0.5164643250199714
647	lower	246	0.2300000000000011	183028.18455568052	-0.0006957563350289341	0.0006597052141478287	0.5247874530130799
648	lower	247	0.2350000000000012	187007.05813297798	-0.0006250497125027076	0.0006188431100488757	0.5331052179028081
649	lower	248	0.2400000000000011	190985.93171027527	-0.0005545728353250869	0.0005718803767332045	0.5414170490056732
650	lower	249	0.245000000000001	194964.80528757258	-0.0005126173082285118	0.0005397905785659221	0.5497282918695715
651	lower	250	0.2500000000000011	198943.67886487005	-0.00044244187619685386	0.00048273568277130356	0.5580210476279052
652	lower	251	0.2550000000000012	202922.55244216754	-0.0003999677460870273	0.0004538580291307877	0.5663234416170346
653	lower	252	0.2600000000000011	206901.42601946482	-0.00036024313239653785	0.00041987461743330916	0.5746117213641928
654	lower	253	0.265000000000001	210880.29959676214	-0.00031980891038024286	0.00038643462897408035	0.5828942194113007
655	lower	254	0.27000000000000113	214859.1731740596	-0.0002799331951705521	0.00035597258560242064	0.5911715857641824
656	lower	255	0.27500000000000124	218838.0467513571	-0.00024236502056532578	0.0003295190102896219	0.5994403357629621
657	lower	256	0.28000000000000114	222816.92032865438	-0.0002087678148440827	0.00030695685450748316	0.6077051411830633
658	lower	257	0.28500000000000103	226795.79390595166	-0.00017964534853000225	0.00028703976100666085	0.6159618576753869
659	lower	258	0.29000000000000115	230774.66748324916	-0.00015495232026026804	0.0002687419003616067	0.6242110865436731
660	lower	259	0.29500000000000126	234753.54106054662	-0.0001339158735704308	0.00025122507201364016	0.6324547390653608
661	lower	260	0.30000000000000115	238732.41463784393	-0.00011569585665642479	0.00023418808303389888	0.6406899387168642
662	lower	261	0.30500000000000105	242711.28821514122	-9.968109209090831e-05	0.00021772130020391087	0.6489179060158966
663	lower	262	0.31000000000000116	246690.1617924387	-8.53295385535107e-05	0.00020190097303182447	0.6571383219648673
664	lower	263	0.3150000000000013	250669.03536973617	-7.253666737870383e-05	0.00018699799515109353	0.6653506882733915
665	lower	264	0.3200000000000012	254647.90894703346	-6.110518308548752e-05	0.00017292487418966833	0.6735554466493119
666	lower	265	0.32500000000000107	258626.78252433077	-5.09665122532398e-05	0.00015969803473829284	0.6817511076150912
667	lower	266	0.3300000000000012	262605.65610162826	-4.203165677668111e-05	0.00014723849254309865	0.6899379789150291
668	lower	267	0.3350000000000013	266584.5296789257	-3.4201033142267136e-05	0.00013550625685788392	0.6981159149873108
669	lower	268	0.3400000000000012	270563.403256223	-2.73227477575741e-05	0.00012438867893100393	0.7062841705217371
670	lower	269	0.3450000000000011	274542.2768335203	-2.129859826797039e-05	0.00011389717909015351	0.7144425299443355
671	lower	270	0.3500000000000012	278521.1504108178	-1.6039068170185924e-05	0.00010401226654629493	0.7225911706863745
672	lower	271	0.3550000000000013	282500.02398811525	-1.1439336199647823e-05	9.462757996783881e-05	0.7307286762859573
673	lower	272	0.3600000000000012	286478.89756541257	-7.480844341511379e-06	8.580576330452833e-05	0.7388552811172396
674	lower	273	0.3650000000000011	290457.7711427099	-4.07187302737223e-06	7.746522300087962e-05	0.7469706529654683
675	lower	274	0.3700000000000012	294436.6447200073	-1.1791310260992523e-06	6.957997982105345e-05	0.7550737868775983
676	lower	275	0.37500000000000133	298415.5182973048	1.2535933717370052e-06	6.212926956218337e-05	0.7631649399650822
677	lower	276	0.3800000000000012	302394.3918746021	3.273180940088113e-06	5.5106799964672674e-05	0.7712428621221391
678	lower	277	0.3850000000000011	306373.26545189944	4.9242361416714396e-06	4.845563047432734e-05	0.7793077923372054
679	lower	278	0.39000000000000123	310352.1390291969	6.221359563043873e-06	4.218943763823198e-05	0.7873585561088958
680	lower	279	0.39500000000000135	314331.01260649436	7.227445424140602e-06	3.6255169125940525e-05	0.7953951411136619
681	lower	280	0.40000000000000124	318309.8861837917	7.954678457044321e-06	3.066728893559286e-05	0.8034161132667846
682	lower	281	0.40500000000000114	322288.75976108894	8.412615844322922e-06	2.5393562852243758e-05	0.8114209737049732
683	lower	282	0.41000000000000125	326267.6333383864	8.667140148380994e-06	2.037890021978557e-05	0.8194103733363333
684	lower	283	0.41500000000000137	330246.5069156839	8.724115924062164e-06	1.566195153724888e-05	0.8273815382789009
685	lower	284	0.42000000000000126	334225.38049298123	8.600978481197843e-06	1.1182582897349756e-05	0.8353356383812752
686	lower	285	0.42500000000000115	338204.2540702785	8.331445041779542e-06	6.953212088228391e-06	0.8432700134521727
687	lower	286	0.43000000000000127	342183.127647576	7.916508758726388e-06	2.953875449388715e-06	0.8511845546177927
688	lower	287	0.4350000000000014	346162.0012248735	7.378417570635772e-06	-8.287730653658495e-07	0.8590780583407934
689	lower	288	0.4400000000000013	350140.8748021708	6.7333389879824325e-06	-4.404578050263506e-06	0.8669491954451417
690	lower	289	0.4450000000000012	354119.74837946804	6.004676168347617e-06	-7.774305095752705e-06	0.8747956343499349
691	lower	290	0.4500000000000013	358098.62195676554	5.1824187986926006e-06	-1.094878163335878e-05	0.8826166171834563
692	lower	291	0.4550000000000014	362077.495534063	4.290972817357713e-06	-1.3944525053143933e-05	0.8904097039802727
693	lower	292	0.4600000000000013	366056.3691113603	3.3747038165670936e-06	-1.675944721853872e-05	0.8981705343061552
694	lower	293	0.4650000000000012	370035.2426886576	2.4044390564876708e-06	-1.9407846294992034e-05	0.905896929178653
695	lower	294	0.4700000000000013	374014.1162659551	1.4103245931653332e-06	-2.1895555013338e-05	0.9135838987899151
696	lower	295	0.4750000000000014	377992.9898432526	9.934455388590234e-07	-2.36401145832804e-05	0.9212399614257883
697	lower	296	0.4800000000000013	381971.86342054984	-6.818580783258046e-08	-2.5880906482803303e-05	0.9288609382111868
698	lower	297	0.4850000000000012	385950.73699784715	-1.1436667271835157e-06	-2.7980530442486477e-05	0.9364360335365084
699	lower	298	0.4900000000000013	389929.61057514464	-2.1861294396985132e-06	-2.99593972284997e-05	0.9439557123476902
700	lower	299	0.49500000000000144	393908.4841524421	-3.3078311247377777e-06	-3.180396637221654e-05	0.9514835639507769
701	lower	300	0.5000000000000013	397887.3577297394	-4.185341765583974e-06	-3.357624424577304e-05	0.9589143604182148
702	lower	301	0.5050000000000012	401866.2313070367	-4.990908768755472e-06	-3.523122654893288e-05	0.9663358192635633
703	lower	302	0.5100000000000013	405845.1048843342	-5.750208894627232e-06	-3.677459633388079e-05	0.9736437048844206
704	lower	303	0.5150000000000015	409823.97846163163	-6.432698710335638e-06	-3.822259276451443e-05	0.9809188506315292
705	lower	304	0.5200000000000014	413802.85203892895	-7.037291022603168e-06	-3.955460565745179e-05	0.988044090902765
706	lower	305	0.5250000000000012	417781.72561622626	-7.556080110830323e-06	-4.076393828506588e-05	0.9949514300625918
707	lower	306	0.5300000000000014	421760.5991935237	-7.874642277412354e-06	-4.148007115042037e-05	0.9998444643350833
708	lower	307	0.5350000000000015	425739.4727708212	-7.819541488406539e-06	-4.116360216027802e-05	0.9999932105276071
709	lower	308	0.5400000000000014	429718.3463481185	-7.81923012412826e-06	-4.116350604072839e-05	0.9999932109093179
710	lower	309	0.5450000000000013	433697.2199254158	-7.692698303431535e-06	-4.047532602948016e-05	0.9999983720520244
711	lower	310	0.5500000000000014	437676.09350271325	-7.692392614109979e-06	-4.047523619037467e-05	0.9999983722622535
712	lower	311	0.5550000000000015	441654.96708001074	-7.61185626251457e-06	-3.973323931773769e-05	0.9999992848714513
713	lower	312	0.5600000000000014	445633.84065730806	-7.611602096624853e-06	-3.973322604700545e-05	0.9999992850164667
714	lower	313	0.5650000000000013	449612.7142346053	-7.2808553380110805e-06	-3.9099890377223623e-05	0.9999996320036346
715	lower	314	0.5700000000000014	453591.5878119028	-7.280698003829474e-06	-3.909969385502552e-05	0.9999996321037453
716	lower	315	0.5750000000000015	457570.4613892003	-7.280242941359879e-06	-3.909940638588808e-05	0.9999996322066896
717	lower	316	0.5800000000000014	461549.3349664976	-6.927844105246886e-06	-3.818721152114445e-05	0.9999998115887893
718	lower	317	0.5850000000000013	465528.20854379487	-6.927768112385452e-06	-3.8186853248471704e-05	0.99999981165798
719	lower	318	0.5900000000000014	469507.08212109236	-6.927404433423453e-06	-3.81864043200675e-05	0.9999998117286043
720	lower	319	0.5950000000000015	473485.95569838985	-6.900411441360581e-06	-3.816312016442807e-05	0.9999998147862142
721	lower	320	0.6000000000000014	477464.82927568717	-6.457527734226325e-06	-3.7369921627497044e-05	0.999999884510938
722	lower	321	0.6050000000000013	481443.7028529844	-6.457265949037029e-06	-3.7369163584645606e-05	0.9999998845649283
723	lower	322	0.6100000000000014	485422.5764302819	-6.456724371088787e-06	-3.736831530435036e-05	0.9999998846197777
724	lower	323	0.6150000000000015	489401.4500075794	-6.251976514794015e-06	-3.705506381309728e-05	0.999999901770996
725	lower	324	0.6200000000000014	493380.32358487666	-6.101810208002364e-06	-3.675710158920254e-05	0.9999999150535679
726	lower	325	0.6250000000000013	497359.197162174	-6.101170018058353e-06	-3.6755949249066154e-05	0.9999999150994886
727	lower	326	0.6300000000000014	501338.07073947147	-5.901409639178272e-06	-3.639605829410491e-05	0.9999999276549995
728	lower	327	0.6350000000000016	505316.94431676896	-5.877773017462498e-06	-3.635327862524878e-05	0.9999999289717149
729	lower	328	0.6400000000000015	509295.8178940662	-5.68150100636923e-06	-3.596502126510309e-05	0.9999999394566091
730	lower	329	0.6450000000000014	513274.69147136353	-5.680737631267185e-06	-3.596350047477448e-05	0.9999999394933742
731	lower	330	0.6500000000000015	517253.565048661	-5.565294005695409e-06	-3.575621249673697e-05	0.9999999441053522
732	lower	331	0.6550000000000016	521232.43862595846	-5.492800076829608e-06	-3.5626650918594145e-05	0.9999999467136136
733	lower	332	0.6600000000000015	525211.3122032558	-5.318275317026898e-06	-3.528018111413325e-05	0.999999952878231
734	lower	333	0.6650000000000014	529190.185780553	-5.317307639872967e-06	-3.527829275612718e-05	0.9999999529090222
735	lower	334	0.6700000000000015	533169.0593578506	-5.275069893278187e-06	-3.520916976265932e-05	0.9999999539858188
736	lower	335	0.6750000000000016	537147.932935148	-5.060233669020331e-06	-3.481946983259224e-05	0.9999999594038327
737	lower	336	0.6800000000000015	541126.8065124453	-5.059117350843427e-06	-3.4817290794996375e-05	0.9999999594314063
738	lower	337	0.6850000000000014	545105.6800897426	-5.014707043764441e-06	-3.474329308315371e-05	0.9999999603310306
739	lower	338	0.6900000000000015	549084.5536670401	-4.773527215524697e-06	-3.429160394908846e-05	0.9999999652307329
740	lower	339	0.6950000000000016	553063.4272443376	-4.772344732693528e-06	-3.4289142137093074e-05	0.9999999652549548
741	lower	340	0.7000000000000015	557042.3008216348	-4.770913119653313e-06	-3.428658712498817e-05	0.9999999652794385
742	lower	341	0.7050000000000014	561021.1743989321	-4.6693228776267885e-06	-3.41209683751173e-05	0.9999999667931625
743	lower	342	0.7100000000000015	565000.0479762297	-4.607261987287176e-06	-3.401796937794931e-05	0.999999967672783
744	lower	343	0.7150000000000016	568978.9215535271	-4.390884394216609e-06	-3.3649642432516245e-05	0.9999999705536666
745	lower	344	0.7200000000000015	572957.7951308244	-4.389350135832196e-06	-3.3646674092181735e-05	0.9999999705749406
746	lower	345	0.7250000000000014	576936.6687081218	-4.387574080783791e-06	-3.364361179733606e-05	0.9999999705964208
747	lower	346	0.7300000000000015	580915.5422854192	-4.214641691441266e-06	-3.335362387476416e-05	0.9999999725153949
748	lower	347	0.7350000000000017	584894.4158627167	-4.212787366595478e-06	-3.335035631871405e-05	0.9999999725356253
749	lower	348	0.7400000000000015	588873.2894400139	-3.971460885678315e-06	-3.292899162429391e-05	0.9999999749656242
750	lower	349	0.7450000000000014	592852.1630173112	-3.96973324525952e-06	-3.292552085018416e-05	0.9999999749839535
751	lower	350	0.7500000000000016	596831.0365946088	-3.9677718027249665e-06	-3.292195599157274e-05	0.9999999750024691
752	lower	351	0.7550000000000017	600809.9101719062	-3.888413726753249e-06	-3.278727801773674e-05	0.9999999756797106
753	lower	352	0.7600000000000016	604788.7837492035	-3.8065610890787756e-06	-3.2646000457740744e-05	0.9999999763523609
754	lower	353	0.7650000000000015	608767.6573265009	-3.7126111545218903e-06	-3.248439883669473e-05	0.9999999770816743
755	lower	354	0.7700000000000016	612746.5309037983	-3.642753644304271e-06	-3.2360890876631744e-05	0.9999999776091841
756	lower	355	0.7750000000000017	616725.4044810957	-3.5652728378466395e-06	-3.2224465544571624e-05	0.9999999781648419
757	lower	356	0.7800000000000016	620704.278058393	-3.5629413770247506e-06	-3.2220305221271366e-05	0.9999999781811557
758	lower	357	0.7850000000000015	624683.1516356904	-3.4769111787660276e-06	-3.207528975290188e-05	0.9999999787341114
759	lower	358	0.7900000000000016	628662.0252129878	-3.3074190557114514e-06	-3.1780054220777266e-05	0.9999999797878345
760	lower	359	0.7950000000000017	632640.8987902853	-3.3050720659639245e-06	-3.177559055058073e-05	0.9999999798028372
761	lower	360	0.8000000000000016	636619.7723675827	-3.2231521242839855e-06	-3.1629265282071184e-05	0.999999980282108
762	lower	361	0.8050000000000015	640598.64594488	-3.22058080269589e-06	-3.162460878094111e-05	0.9999999802968379
763	lower	362	0.8100000000000016	644577.5195221774	-3.118835890573883e-06	-3.144724019734533e-05	0.9999999808414655
764	lower	363	0.8150000000000017	648556.3930994748	-3.0162556788590017e-06	-3.1265101631562425e-05	0.9999999813721169
765	lower	364	0.8200000000000016	652535.2666767722	-3.0135765880615133e-06	-3.126014945952092e-05	0.9999999813859745
766	lower	365	0.8250000000000015	656514.1402540695	-2.8971710775108303e-06	-3.105026727457878e-05	0.9999999819547911
767	lower	366	0.8300000000000016	660493.0138313669	-2.894371320613468e-06	-3.104512239262247e-05	0.9999999819682205
768	lower	367	0.8350000000000017	664471.8874086645	-2.7505201808715165e-06	-3.079015281979895e-05	0.9999999826117747
769	lower	368	0.8400000000000016	668450.7609859618	-2.7476909755161623e-06	-3.0784812049051376e-05	0.9999999826246321
770	lower	369	0.8450000000000015	672429.634563259	-2.6226823685480535e-06	-3.055859167467909e-05	0.9999999831538623
771	lower	370	0.8500000000000016	676408.5081405565	-2.619805553463157e-06	-3.055305764133577e-05	0.999999983166259
772	lower	371	0.8550000000000018	680387.381717854	-2.519482145577155e-06	-3.036814408207351e-05	0.9999999835707176
773	lower	372	0.8600000000000017	684366.2552951513	-2.516467477419314e-06	-3.0362420585666587e-05	0.9999999835828198
774	lower	373	0.8650000000000015	688345.1288724486	-2.3884877458073613e-06	-3.012873792691739e-05	0.9999999840635665
775	lower	374	0.8700000000000017	692324.002449746	-2.385450298122262e-06	-3.0122822844711937e-05	0.9999999840752407
776	lower	375	0.8750000000000018	696302.8760270436	-2.28198958653452e-06	-2.9929404754661188e-05	0.9999999844481803
777	lower	376	0.8800000000000017	700281.7496043408	-2.2788434855649606e-06	-2.992330207637121e-05	0.9999999844595641
778	lower	377	0.8850000000000016	704260.6231816381	-2.139224180215143e-06	-2.9661330557993612e-05	0.9999999849343953
779	lower	378	0.8900000000000017	708239.4967589356	-2.136116342259127e-06	-2.9655041737123943e-05	0.99999998494531
780	lower	379	0.8950000000000018	712218.370336233	-2.1328103167974314e-06	-2.9648657471484368e-05	0.999999984956321
781	lower	380	0.9000000000000017	716197.2439135304	-2.0033912856598812e-06	-2.940322674299232e-05	0.9999999853682078
782	lower	381	0.9050000000000016	720176.1174908277	-2.0000816736054143e-06	-2.9396658394397586e-05	0.9999999853788359
783	lower	382	0.9100000000000017	724154.9910681251	-1.8530462313378151e-06	-2.9113156089491457e-05	0.9999999858250468
784	lower	383	0.9150000000000018	728133.8646454226	-1.8498314193587223e-06	-2.9106408191795464e-05	0.9999999858352149
785	lower	384	0.9200000000000017	732112.7382227199	-1.846424511312799e-06	-2.9099565004136603e-05	0.9999999858454715
786	lower	385	0.9250000000000016	736091.6118000172	-1.722724723605573e-06	-2.8856885325000816e-05	0.9999999862005619
787	lower	386	0.9300000000000017	740070.4853773147	-1.7193263622369095e-06	-2.8849864215541697e-05	0.9999999862104907
788	lower	387	0.9350000000000018	744049.3589546122	-1.715738850671329e-06	-2.8842748079375426e-05	0.9999999862205018
789	lower	388	0.9400000000000017	748028.2325319095	-1.5580853453951272e-06	-2.8535950526075717e-05	0.9999999866403729
790	lower	389	0.9450000000000016	752007.1061092068	-1.5546517968595487e-06	-2.8528658501030334e-05	0.9999999866499402
791	lower	390	0.9500000000000017	755985.9796865042	-1.5510315638719623e-06	-2.8521271583865575e-05	0.9999999866595894
792	lower	391	0.9550000000000018	759964.8532638017	-1.4186105431670727e-06	-2.825942114167425e-05	0.9999999869942775
793	lower	392	0.9600000000000017	763943.726841099	-1.4150811829578343e-06	-2.8251860035731492e-05	0.9999999870035937
794	lower	393	0.9650000000000016	767922.6004183963	-1.411369424930568e-06	-2.8244203894935304e-05	0.9999999870129919
795	lower	394	0.9700000000000017	771901.4739956937	-1.2750112896362321e-06	-2.7966693125512877e-05	0.9999999873454916
796	lower	395	0.9750000000000019	775880.3475729913	-1.2714182370110726e-06	-2.7958870131694954e-05	0.9999999873545397
797	lower	396	0.9800000000000018	779859.2211502886	-1.2676462840726465e-06	-2.7950952335744252e-05	0.9999999873636795
798	lower	397	0.9850000000000017	783838.0947275858	-1.1352183194655638e-06	-2.768104610667832e-05	0.999999987668798
799	lower	398	0.9900000000000018	787816.9683048833	-1.1315503288562426e-06	-2.767296110533868e-05	0.9999999876776297
800	lower	399	0.9950000000000019	791795.8418821808	-1.127720118721999e-06	-2.7664782235982377e-05	0.9999999876865355
801	lower	400	1.0000000000000018	795774.7154594781	-1.1237145298812002e-06	-2.765650859622956e-05	0.9999999876955196
